  0.00000000E+00 -0.28231644E+01
  0.56795096E-02 -0.28232066E+01
  0.11359019E-01 -0.28233332E+01
  0.17038529E-01 -0.28235444E+01
  0.22718039E-01 -0.28238404E+01
  0.28397548E-01 -0.28242217E+01
  0.34077058E-01 -0.28246888E+01
  0.39756567E-01 -0.28252423E+01
  0.45436077E-01 -0.28258830E+01
  0.51115587E-01 -0.28266117E+01
  0.56795096E-01 -0.28274296E+01
  0.62474606E-01 -0.28283377E+01
  0.68154116E-01 -0.28293374E+01
  0.73833625E-01 -0.28304301E+01
  0.79513135E-01 -0.28316176E+01
  0.85192644E-01 -0.28329015E+01
  0.90872154E-01 -0.28342839E+01
  0.96551664E-01 -0.28357669E+01
  0.10223117E+00 -0.28373529E+01
  0.10791068E+00 -0.28390442E+01
  0.11359019E+00 -0.28408436E+01
  0.11926970E+00 -0.28427540E+01
  0.12494921E+00 -0.28447785E+01
  0.13062872E+00 -0.28469202E+01
  0.13630823E+00 -0.28491826E+01
  0.14198774E+00 -0.28515693E+01
  0.14766725E+00 -0.28540841E+01
  0.15334676E+00 -0.28567308E+01
  0.15902627E+00 -0.28595137E+01
  0.16470578E+00 -0.28624370E+01
  0.17038529E+00 -0.28655049E+01
  0.17606480E+00 -0.28687221E+01
  0.18174431E+00 -0.28720932E+01
  0.18742382E+00 -0.28756227E+01
  0.19310333E+00 -0.28793155E+01
  0.19878284E+00 -0.28831765E+01
  0.20446235E+00 -0.28872103E+01
  0.21014186E+00 -0.28914219E+01
  0.21582137E+00 -0.28958162E+01
  0.22150088E+00 -0.29003978E+01
  0.22718039E+00 -0.29051716E+01
  0.23285989E+00 -0.29101420E+01
  0.23853940E+00 -0.29153136E+01
  0.24421891E+00 -0.29206908E+01
  0.24989842E+00 -0.29262777E+01
  0.25557793E+00 -0.29320783E+01
  0.26125744E+00 -0.29380962E+01
  0.26693695E+00 -0.29443348E+01
  0.27261646E+00 -0.29507975E+01
  0.27829597E+00 -0.29574869E+01
  0.28397548E+00 -0.29644055E+01
  0.28965499E+00 -0.29715556E+01
  0.29533450E+00 -0.29789387E+01
  0.30101401E+00 -0.29865563E+01
  0.30669352E+00 -0.29944092E+01
  0.31237303E+00 -0.30024980E+01
  0.31805254E+00 -0.30108225E+01
  0.32373205E+00 -0.30193823E+01
  0.32941156E+00 -0.30281766E+01
  0.33509107E+00 -0.30372038E+01
  0.34077058E+00 -0.30464622E+01
  0.34645009E+00 -0.30559494E+01
  0.35212960E+00 -0.30656626E+01
  0.35780911E+00 -0.30755985E+01
  0.36348862E+00 -0.30857534E+01
  0.36916813E+00 -0.30961231E+01
  0.37484764E+00 -0.31067030E+01
  0.38052715E+00 -0.31174881E+01
  0.38620665E+00 -0.31284731E+01
  0.39188616E+00 -0.31396522E+01
  0.39756567E+00 -0.31510192E+01
  0.40324518E+00 -0.31625677E+01
  0.40892469E+00 -0.31742909E+01
  0.41460420E+00 -0.31861816E+01
  0.42028371E+00 -0.31982324E+01
  0.42596322E+00 -0.32104357E+01
  0.43164273E+00 -0.32227834E+01
  0.43732224E+00 -0.32352673E+01
  0.44300175E+00 -0.32478788E+01
  0.44868126E+00 -0.32606092E+01
  0.45436077E+00 -0.32734495E+01
  0.46004028E+00 -0.32863902E+01
  0.46571979E+00 -0.32994218E+01
  0.47139930E+00 -0.33125344E+01
  0.47707881E+00 -0.33257179E+01
  0.48275832E+00 -0.33389616E+01
  0.48843783E+00 -0.33522550E+01
  0.49411734E+00 -0.33655867E+01
  0.49979685E+00 -0.33789454E+01
  0.50547636E+00 -0.33923193E+01
  0.51115587E+00 -0.34056961E+01
  0.51683538E+00 -0.34190634E+01
  0.52251489E+00 -0.34324082E+01
  0.52819440E+00 -0.34457171E+01
  0.53387391E+00 -0.34589766E+01
  0.53955341E+00 -0.34721725E+01
  0.54523292E+00 -0.34852905E+01
  0.55091243E+00 -0.34983157E+01
  0.55659194E+00 -0.35112332E+01
  0.56227145E+00 -0.35240274E+01
  0.56795096E+00 -0.35366827E+01
  0.57363047E+00 -0.35491831E+01
  0.57930998E+00 -0.35615126E+01
  0.58498949E+00 -0.35736549E+01
  0.59066900E+00 -0.35855937E+01
  0.59634851E+00 -0.35973124E+01
  0.60202802E+00 -0.36087948E+01
  0.60770753E+00 -0.36200246E+01
  0.61338704E+00 -0.36309855E+01
  0.61906655E+00 -0.36416617E+01
  0.62474606E+00 -0.36520376E+01
  0.63042557E+00 -0.36620979E+01
  0.63610508E+00 -0.36718278E+01
  0.64178459E+00 -0.36812130E+01
  0.64746410E+00 -0.36902398E+01
  0.65314361E+00 -0.36988952E+01
  0.65882312E+00 -0.37071669E+01
  0.66450263E+00 -0.37150434E+01
  0.67018214E+00 -0.37225139E+01
  0.67586165E+00 -0.37295687E+01
  0.68154116E+00 -0.37361990E+01
  0.68722066E+00 -0.37423969E+01
  0.69290017E+00 -0.37481557E+01
  0.69857968E+00 -0.37534695E+01
  0.70425919E+00 -0.37583337E+01
  0.70993870E+00 -0.37627447E+01
  0.71561821E+00 -0.37667000E+01
  0.72129772E+00 -0.37701981E+01
  0.72697723E+00 -0.37732387E+01
  0.73265674E+00 -0.37758226E+01
  0.73833625E+00 -0.37779515E+01
  0.74401576E+00 -0.37796282E+01
  0.74969527E+00 -0.37808564E+01
  0.75537478E+00 -0.37816411E+01
  0.76105429E+00 -0.37819876E+01
  0.76673380E+00 -0.37819027E+01
  0.77241331E+00 -0.37813935E+01
  0.77809282E+00 -0.37804681E+01
  0.78377233E+00 -0.37791355E+01
  0.78945184E+00 -0.37774049E+01
  0.79513135E+00 -0.37752864E+01
  0.80081086E+00 -0.37727908E+01
  0.80649037E+00 -0.37699290E+01
  0.81216988E+00 -0.37667127E+01
  0.81784939E+00 -0.37631539E+01
  0.82352890E+00 -0.37592648E+01
  0.82920841E+00 -0.37550583E+01
  0.83488792E+00 -0.37505472E+01
  0.84056742E+00 -0.37457448E+01
  0.84624693E+00 -0.37406646E+01
  0.85192644E+00 -0.37353202E+01
  0.85760595E+00 -0.37297254E+01
  0.86328546E+00 -0.37238942E+01
  0.86896497E+00 -0.37178407E+01
  0.87464448E+00 -0.37115793E+01
  0.88032399E+00 -0.37051243E+01
  0.88600350E+00 -0.36984903E+01
  0.89168301E+00 -0.36916918E+01
  0.89736252E+00 -0.36847435E+01
  0.90304203E+00 -0.36776604E+01
  0.90872154E+00 -0.36704574E+01
  0.91440105E+00 -0.36631495E+01
  0.92008056E+00 -0.36557519E+01
  0.92576007E+00 -0.36482799E+01
  0.93143958E+00 -0.36407489E+01
  0.93711909E+00 -0.36331744E+01
  0.94279860E+00 -0.36255719E+01
  0.94847811E+00 -0.36179572E+01
  0.95415762E+00 -0.36103460E+01
  0.95983713E+00 -0.36027541E+01
  0.96551664E+00 -0.35951974E+01
  0.97119615E+00 -0.35876919E+01
  0.97687566E+00 -0.35802534E+01
  0.98255517E+00 -0.35728979E+01
  0.98823468E+00 -0.35656411E+01
  0.99391418E+00 -0.35584990E+01
  0.99959369E+00 -0.35514871E+01
  0.10052732E+01 -0.35446211E+01
  0.10109527E+01 -0.35379161E+01
  0.10166322E+01 -0.35313875E+01
  0.10223117E+01 -0.35250500E+01
  0.10279912E+01 -0.35189181E+01
  0.10336708E+01 -0.35130061E+01
  0.10393503E+01 -0.35073277E+01
  0.10450298E+01 -0.35018962E+01
  0.10507093E+01 -0.34967246E+01
  0.10563888E+01 -0.34918251E+01
  0.10620683E+01 -0.34872094E+01
  0.10677478E+01 -0.34828887E+01
  0.10734273E+01 -0.34788735E+01
  0.10791068E+01 -0.34751735E+01
  0.10847863E+01 -0.34717977E+01
  0.10904658E+01 -0.34687545E+01
  0.10961454E+01 -0.34660513E+01
  0.11018249E+01 -0.34636948E+01
  0.11075044E+01 -0.34616908E+01
  0.11131839E+01 -0.34600444E+01
  0.11188634E+01 -0.34587595E+01
  0.11245429E+01 -0.34578395E+01
  0.11302224E+01 -0.34572866E+01
  0.11359185E+01 -0.34571021E+01
  0.11416146E+01 -0.34567234E+01
  0.11473107E+01 -0.34555907E+01
  0.11530068E+01 -0.34537142E+01
  0.11587029E+01 -0.34511109E+01
  0.11643990E+01 -0.34478040E+01
  0.11700951E+01 -0.34438228E+01
  0.11757912E+01 -0.34392024E+01
  0.11814872E+01 -0.34339826E+01
  0.11871833E+01 -0.34282079E+01
  0.11928794E+01 -0.34219267E+01
  0.11985755E+01 -0.34151903E+01
  0.12042716E+01 -0.34080526E+01
  0.12099677E+01 -0.34005690E+01
  0.12156638E+01 -0.33927959E+01
  0.12213599E+01 -0.33847896E+01
  0.12270560E+01 -0.33766061E+01
  0.12327521E+01 -0.33682999E+01
  0.12384482E+01 -0.33599236E+01
  0.12441443E+01 -0.33515275E+01
  0.12498404E+01 -0.33431584E+01
  0.12555364E+01 -0.33348599E+01
  0.12612325E+01 -0.33266716E+01
  0.12669286E+01 -0.33186289E+01
  0.12726247E+01 -0.33107628E+01
  0.12783208E+01 -0.33030995E+01
  0.12840169E+01 -0.32956607E+01
  0.12897130E+01 -0.32884634E+01
  0.12954091E+01 -0.32815198E+01
  0.13011052E+01 -0.32748378E+01
  0.13068013E+01 -0.32684209E+01
  0.13124974E+01 -0.32622683E+01
  0.13181935E+01 -0.32563757E+01
  0.13238896E+01 -0.32507348E+01
  0.13295856E+01 -0.32453344E+01
  0.13352817E+01 -0.32401605E+01
  0.13409778E+01 -0.32351963E+01
  0.13466739E+01 -0.32304231E+01
  0.13523700E+01 -0.32258205E+01
  0.13580661E+01 -0.32213667E+01
  0.13637622E+01 -0.32170390E+01
  0.13694583E+01 -0.32128140E+01
  0.13751544E+01 -0.32086683E+01
  0.13808505E+01 -0.32045786E+01
  0.13865466E+01 -0.32005221E+01
  0.13922427E+01 -0.31964768E+01
  0.13979387E+01 -0.31924218E+01
  0.14036348E+01 -0.31883374E+01
  0.14093309E+01 -0.31842056E+01
  0.14150270E+01 -0.31800100E+01
  0.14207231E+01 -0.31757363E+01
  0.14264192E+01 -0.31713719E+01
  0.14321153E+01 -0.31669063E+01
  0.14378114E+01 -0.31623313E+01
  0.14435075E+01 -0.31576405E+01
  0.14492036E+01 -0.31528294E+01
  0.14548997E+01 -0.31478958E+01
  0.14605958E+01 -0.31428390E+01
  0.14662919E+01 -0.31376600E+01
  0.14719879E+01 -0.31323613E+01
  0.14776840E+01 -0.31269468E+01
  0.14833801E+01 -0.31214215E+01
  0.14890762E+01 -0.31157911E+01
  0.14947723E+01 -0.31100621E+01
  0.15004684E+01 -0.31042417E+01
  0.15061645E+01 -0.30983371E+01
  0.15118606E+01 -0.30923557E+01
  0.15175567E+01 -0.30863047E+01
  0.15232528E+01 -0.30801914E+01
  0.15289489E+01 -0.30740224E+01
  0.15346450E+01 -0.30678040E+01
  0.15403411E+01 -0.30615420E+01
  0.15460371E+01 -0.30552415E+01
  0.15517332E+01 -0.30489072E+01
  0.15574293E+01 -0.30425429E+01
  0.15631254E+01 -0.30361521E+01
  0.15688215E+01 -0.30297376E+01
  0.15745176E+01 -0.30233020E+01
  0.15802137E+01 -0.30168472E+01
  0.15859098E+01 -0.30103752E+01
  0.15916059E+01 -0.30038879E+01
  0.15973020E+01 -0.29973869E+01
  0.16029981E+01 -0.29908743E+01
  0.16086942E+01 -0.29843525E+01
  0.16143903E+01 -0.29778243E+01
  0.16200863E+01 -0.29712931E+01
  0.16257824E+01 -0.29647632E+01
  0.16314785E+01 -0.29582397E+01
  0.16371746E+01 -0.29517289E+01
  0.16428707E+01 -0.29452379E+01
  0.16485668E+01 -0.29387753E+01
  0.16542629E+01 -0.29323510E+01
  0.16599590E+01 -0.29259761E+01
  0.16656551E+01 -0.29196632E+01
  0.16713512E+01 -0.29134261E+01
  0.16770473E+01 -0.29072800E+01
  0.16827434E+01 -0.29012415E+01
  0.16884394E+01 -0.28953283E+01
  0.16941355E+01 -0.28895592E+01
  0.16998316E+01 -0.28839539E+01
  0.17055277E+01 -0.28785330E+01
  0.17112238E+01 -0.28733176E+01
  0.17169199E+01 -0.28683293E+01
  0.17226160E+01 -0.28635899E+01
  0.17283121E+01 -0.28591211E+01
  0.17340082E+01 -0.28549443E+01
  0.17397043E+01 -0.28510806E+01
  0.17454004E+01 -0.28475501E+01
  0.17510965E+01 -0.28443722E+01
  0.17567926E+01 -0.28415650E+01
  0.17624886E+01 -0.28391453E+01
  0.17681847E+01 -0.28371285E+01
  0.17738808E+01 -0.28355281E+01
  0.17795769E+01 -0.28343562E+01
  0.17852488E+01 -0.28336229E+01
  0.17909207E+01 -0.28349051E+01
  0.17965926E+01 -0.28366474E+01
  0.18022645E+01 -0.28388488E+01
  0.18079364E+01 -0.28415068E+01
  0.18136083E+01 -0.28446179E+01
  0.18192802E+01 -0.28481769E+01
  0.18249521E+01 -0.28521779E+01
  0.18306240E+01 -0.28566137E+01
  0.18362959E+01 -0.28614764E+01
  0.18419678E+01 -0.28667573E+01
  0.18476397E+01 -0.28724470E+01
  0.18533116E+01 -0.28785354E+01
  0.18589835E+01 -0.28850119E+01
  0.18646554E+01 -0.28918655E+01
  0.18703273E+01 -0.28990846E+01
  0.18759992E+01 -0.29066572E+01
  0.18816711E+01 -0.29145709E+01
  0.18873430E+01 -0.29228131E+01
  0.18930149E+01 -0.29313705E+01
  0.18986868E+01 -0.29402297E+01
  0.19043587E+01 -0.29493769E+01
  0.19100306E+01 -0.29587978E+01
  0.19157025E+01 -0.29684780E+01
  0.19213744E+01 -0.29784026E+01
  0.19270463E+01 -0.29885566E+01
  0.19327182E+01 -0.29989245E+01
  0.19383901E+01 -0.30094906E+01
  0.19440620E+01 -0.30202391E+01
  0.19497339E+01 -0.30311540E+01
  0.19554058E+01 -0.30422191E+01
  0.19610777E+01 -0.30534181E+01
  0.19667496E+01 -0.30647348E+01
  0.19724215E+01 -0.30761530E+01
  0.19780934E+01 -0.30876566E+01
  0.19837653E+01 -0.30992296E+01
  0.19894372E+01 -0.31108562E+01
  0.19951091E+01 -0.31225211E+01
  0.20007810E+01 -0.31342091E+01
  0.20064529E+01 -0.31459057E+01
  0.20121248E+01 -0.31575966E+01
  0.20177967E+01 -0.31692681E+01
  0.20234686E+01 -0.31809073E+01
  0.20291405E+01 -0.31925018E+01
  0.20348124E+01 -0.32040396E+01
  0.20404843E+01 -0.32155099E+01
  0.20461562E+01 -0.32269022E+01
  0.20518281E+01 -0.32382071E+01
  0.20575000E+01 -0.32494157E+01
  0.20631719E+01 -0.32605200E+01
  0.20688438E+01 -0.32715128E+01
  0.20745157E+01 -0.32823876E+01
  0.20801876E+01 -0.32931387E+01
  0.20858595E+01 -0.33037611E+01
  0.20915314E+01 -0.33142505E+01
  0.20972032E+01 -0.33246032E+01
  0.21028751E+01 -0.33348163E+01
  0.21085470E+01 -0.33448873E+01
  0.21142189E+01 -0.33548143E+01
  0.21198908E+01 -0.33645960E+01
  0.21255627E+01 -0.33742312E+01
  0.21312346E+01 -0.33837194E+01
  0.21369065E+01 -0.33930601E+01
  0.21425784E+01 -0.34022533E+01
  0.21482503E+01 -0.34112990E+01
  0.21539222E+01 -0.34201973E+01
  0.21595941E+01 -0.34289484E+01
  0.21652660E+01 -0.34375524E+01
  0.21709379E+01 -0.34460095E+01
  0.21766098E+01 -0.34543196E+01
  0.21822817E+01 -0.34624824E+01
  0.21879536E+01 -0.34704974E+01
  0.21936255E+01 -0.34783640E+01
  0.21992974E+01 -0.34860809E+01
  0.22049693E+01 -0.34936467E+01
  0.22106412E+01 -0.35010595E+01
  0.22163131E+01 -0.35083170E+01
  0.22219850E+01 -0.35154165E+01
  0.22276569E+01 -0.35223547E+01
  0.22333288E+01 -0.35291278E+01
  0.22390007E+01 -0.35357316E+01
  0.22446726E+01 -0.35421613E+01
  0.22503445E+01 -0.35484115E+01
  0.22560164E+01 -0.35544765E+01
  0.22616883E+01 -0.35603498E+01
  0.22673602E+01 -0.35660246E+01
  0.22730321E+01 -0.35714934E+01
  0.22787040E+01 -0.35767485E+01
  0.22843759E+01 -0.35817813E+01
  0.22900478E+01 -0.35865833E+01
  0.22957197E+01 -0.35911451E+01
  0.23013916E+01 -0.35954572E+01
  0.23070635E+01 -0.35995097E+01
  0.23127354E+01 -0.36032924E+01
  0.23184073E+01 -0.36067949E+01
  0.23240792E+01 -0.36100065E+01
  0.23297511E+01 -0.36129167E+01
  0.23354230E+01 -0.36155144E+01
  0.23410949E+01 -0.36177891E+01
  0.23467668E+01 -0.36197299E+01
  0.23524387E+01 -0.36213263E+01
  0.23581106E+01 -0.36225680E+01
  0.23637825E+01 -0.36234448E+01
  0.23694544E+01 -0.36239472E+01
  0.23751263E+01 -0.36240658E+01
  0.23807982E+01 -0.36237921E+01
  0.23864701E+01 -0.36231178E+01
  0.23921420E+01 -0.36220357E+01
  0.23978139E+01 -0.36205389E+01
  0.24034858E+01 -0.36186216E+01
  0.24091577E+01 -0.36162788E+01
  0.24148266E+01 -0.36135065E+01
  0.24204955E+01 -0.36103034E+01
  0.24261644E+01 -0.36066660E+01
  0.24318333E+01 -0.36025935E+01
  0.24375021E+01 -0.35980858E+01
  0.24431710E+01 -0.35931442E+01
  0.24488399E+01 -0.35877712E+01
  0.24545088E+01 -0.35819702E+01
  0.24601777E+01 -0.35757461E+01
  0.24658466E+01 -0.35691047E+01
  0.24715155E+01 -0.35620531E+01
  0.24771844E+01 -0.35545994E+01
  0.24828533E+01 -0.35467530E+01
  0.24885222E+01 -0.35385243E+01
  0.24941911E+01 -0.35299249E+01
  0.24998600E+01 -0.35209671E+01
  0.25055289E+01 -0.35116646E+01
  0.25111978E+01 -0.35020318E+01
  0.25168667E+01 -0.34920838E+01
  0.25225356E+01 -0.34818370E+01
  0.25282045E+01 -0.34713080E+01
  0.25338734E+01 -0.34605145E+01
  0.25395422E+01 -0.34494746E+01
  0.25452111E+01 -0.34382069E+01
  0.25508800E+01 -0.34267307E+01
  0.25565489E+01 -0.34150652E+01
  0.25622178E+01 -0.34032304E+01
  0.25678867E+01 -0.33912463E+01
  0.25735556E+01 -0.33791328E+01
  0.25792245E+01 -0.33669102E+01
  0.25848934E+01 -0.33545985E+01
  0.25905623E+01 -0.33422175E+01
  0.25962312E+01 -0.33297871E+01
  0.26019001E+01 -0.33173266E+01
  0.26075690E+01 -0.33048550E+01
  0.26132379E+01 -0.32923909E+01
  0.26189068E+01 -0.32799521E+01
  0.26245757E+01 -0.32675563E+01
  0.26302446E+01 -0.32552200E+01
  0.26359135E+01 -0.32429593E+01
  0.26415824E+01 -0.32307895E+01
  0.26472512E+01 -0.32187249E+01
  0.26529201E+01 -0.32067792E+01
  0.26585890E+01 -0.31949650E+01
  0.26642579E+01 -0.31832943E+01
  0.26699268E+01 -0.31717778E+01
  0.26755957E+01 -0.31604255E+01
  0.26812646E+01 -0.31492465E+01
  0.26869335E+01 -0.31382490E+01
  0.26926024E+01 -0.31274401E+01
  0.26982713E+01 -0.31168264E+01
  0.27039402E+01 -0.31064132E+01
  0.27096091E+01 -0.30962055E+01
  0.27152780E+01 -0.30862071E+01
  0.27209469E+01 -0.30764214E+01
  0.27266158E+01 -0.30668508E+01
  0.27322847E+01 -0.30574973E+01
  0.27379536E+01 -0.30483624E+01
  0.27436225E+01 -0.30394467E+01
  0.27492913E+01 -0.30307506E+01
  0.27549602E+01 -0.30222741E+01
  0.27606291E+01 -0.30140167E+01
  0.27662980E+01 -0.30059774E+01
  0.27719669E+01 -0.29981551E+01
  0.27776358E+01 -0.29905485E+01
  0.27833047E+01 -0.29831558E+01
  0.27889736E+01 -0.29759752E+01
  0.27946425E+01 -0.29690047E+01
  0.28003114E+01 -0.29622419E+01
  0.28059803E+01 -0.29556847E+01
  0.28116492E+01 -0.29493305E+01
  0.28173181E+01 -0.29431768E+01
  0.28229870E+01 -0.29372208E+01
  0.28286559E+01 -0.29314599E+01
  0.28343248E+01 -0.29258912E+01
  0.28399937E+01 -0.29205117E+01
  0.28456626E+01 -0.29153184E+01
  0.28513314E+01 -0.29103083E+01
  0.28570003E+01 -0.29054782E+01
  0.28626692E+01 -0.29008248E+01
  0.28683381E+01 -0.28963449E+01
  0.28740070E+01 -0.28920351E+01
  0.28796759E+01 -0.28878920E+01
  0.28853448E+01 -0.28839121E+01
  0.28910137E+01 -0.28800919E+01
  0.28966826E+01 -0.28764278E+01
  0.29023515E+01 -0.28729163E+01
  0.29080204E+01 -0.28695538E+01
  0.29136893E+01 -0.28663367E+01
  0.29193582E+01 -0.28632614E+01
  0.29250271E+01 -0.28603244E+01
  0.29306960E+01 -0.28575222E+01
  0.29363649E+01 -0.28548513E+01
  0.29420338E+01 -0.28523083E+01
  0.29477027E+01 -0.28498901E+01
  0.29533715E+01 -0.28475934E+01
  0.29590404E+01 -0.28454151E+01
  0.29647093E+01 -0.28433524E+01
  0.29703782E+01 -0.28414024E+01
  0.29760471E+01 -0.28395625E+01
  0.29817160E+01 -0.28378302E+01
  0.29873849E+01 -0.28362033E+01
  0.29930538E+01 -0.28346794E+01
  0.29987227E+01 -0.28332568E+01
  0.30043916E+01 -0.28319334E+01
  0.30100605E+01 -0.28307076E+01
  0.30157294E+01 -0.28295781E+01
  0.30213983E+01 -0.28285433E+01
  0.30270672E+01 -0.28276021E+01
  0.30327361E+01 -0.28267534E+01
  0.30384050E+01 -0.28259963E+01
  0.30440739E+01 -0.28253300E+01
  0.30497428E+01 -0.28247539E+01
  0.30554116E+01 -0.28242673E+01
  0.30610805E+01 -0.28238698E+01
  0.30667494E+01 -0.28235610E+01
  0.30724183E+01 -0.28233406E+01
  0.30780872E+01 -0.28232085E+01
  0.30835569E+01 -0.28231644E+01
  0.30890265E+01 -0.28231644E+01
  0.30944962E+01 -0.28231644E+01
  0.30999658E+01 -0.28231644E+01
  0.31054354E+01 -0.28231644E+01
  0.31109051E+01 -0.28231644E+01
  0.31163747E+01 -0.28231644E+01
  0.31218444E+01 -0.28231644E+01
  0.31273140E+01 -0.28231644E+01
  0.31327836E+01 -0.28231644E+01
  0.31382533E+01 -0.28231644E+01
  0.31437229E+01 -0.28231644E+01
  0.31491926E+01 -0.28231644E+01
  0.31546622E+01 -0.28231644E+01
  0.31601319E+01 -0.28231644E+01
  0.31656015E+01 -0.28231644E+01
  0.31710711E+01 -0.28231644E+01
  0.31765408E+01 -0.28231644E+01
  0.31822203E+01 -0.28231644E+01
  
  0.00000000E+00 -0.74575248E-01
  0.56795096E-02 -0.74732554E-01
  0.11359019E-01 -0.75223275E-01
  0.17038529E-01 -0.76039947E-01
  0.22718039E-01 -0.77179883E-01
  0.28397548E-01 -0.78639601E-01
  0.34077058E-01 -0.80414672E-01
  0.39756567E-01 -0.82499722E-01
  0.45436077E-01 -0.84888443E-01
  0.51115587E-01 -0.87573614E-01
  0.56795096E-01 -0.90547127E-01
  0.62474606E-01 -0.93800009E-01
  0.68154116E-01 -0.97322457E-01
  0.73833625E-01 -0.10110387E+00
  0.79513135E-01 -0.10513286E+00
  0.85192644E-01 -0.10939735E+00
  0.90872154E-01 -0.11388452E+00
  0.96551664E-01 -0.11858094E+00
  0.10223117E+00 -0.12347254E+00
  0.10791068E+00 -0.12854471E+00
  0.11359019E+00 -0.13378228E+00
  0.11926970E+00 -0.13916964E+00
  0.12494921E+00 -0.14469073E+00
  0.13062872E+00 -0.15032909E+00
  0.13630823E+00 -0.15606794E+00
  0.14198774E+00 -0.16189021E+00
  0.14766725E+00 -0.16777858E+00
  0.15334676E+00 -0.17371552E+00
  0.15902627E+00 -0.17968337E+00
  0.16470578E+00 -0.18566435E+00
  0.17038529E+00 -0.19164064E+00
  0.17606480E+00 -0.19759439E+00
  0.18174431E+00 -0.20350779E+00
  0.18742382E+00 -0.20936311E+00
  0.19310333E+00 -0.21514272E+00
  0.19878284E+00 -0.22082918E+00
  0.20446235E+00 -0.22640523E+00
  0.21014186E+00 -0.23185386E+00
  0.21582137E+00 -0.23715832E+00
  0.22150088E+00 -0.24230220E+00
  0.22718039E+00 -0.24726942E+00
  0.23285989E+00 -0.25204430E+00
  0.23853940E+00 -0.25661156E+00
  0.24421891E+00 -0.26095638E+00
  0.24989842E+00 -0.26506440E+00
  0.25557793E+00 -0.27857324E+00
  0.26125744E+00 -0.29228399E+00
  0.26693695E+00 -0.30590759E+00
  0.27261646E+00 -0.31942866E+00
  0.27829597E+00 -0.33283209E+00
  0.28397548E+00 -0.34610307E+00
  0.28965499E+00 -0.35922710E+00
  0.29533450E+00 -0.37219004E+00
  0.30101401E+00 -0.38497812E+00
  0.30669352E+00 -0.39757798E+00
  0.31237303E+00 -0.40997669E+00
  0.31805254E+00 -0.42216181E+00
  0.32373205E+00 -0.43412136E+00
  0.32941156E+00 -0.44584392E+00
  0.33509107E+00 -0.45731860E+00
  0.34077058E+00 -0.46853512E+00
  0.34645009E+00 -0.47948375E+00
  0.35212960E+00 -0.49015544E+00
  0.35780911E+00 -0.50054174E+00
  0.36348862E+00 -0.51063485E+00
  0.36916813E+00 -0.52042764E+00
  0.37484764E+00 -0.52991364E+00
  0.38052715E+00 -0.53908702E+00
  0.38620665E+00 -0.54794264E+00
  0.39188616E+00 -0.55647596E+00
  0.39756567E+00 -0.56468311E+00
  0.40324518E+00 -0.57256081E+00
  0.40892469E+00 -0.58010639E+00
  0.41460420E+00 -0.58731774E+00
  0.42028371E+00 -0.59419329E+00
  0.42596322E+00 -0.60073198E+00
  0.43164273E+00 -0.60693326E+00
  0.43732224E+00 -0.61279700E+00
  0.44300175E+00 -0.61832350E+00
  0.44868126E+00 -0.62351346E+00
  0.45436077E+00 -0.62836794E+00
  0.46004028E+00 -0.63288830E+00
  0.46571979E+00 -0.63707623E+00
  0.47139930E+00 -0.64093367E+00
  0.47707881E+00 -0.64446283E+00
  0.48275832E+00 -0.64766612E+00
  0.48843783E+00 -0.65054620E+00
  0.49411734E+00 -0.65310587E+00
  0.49979685E+00 -0.65534815E+00
  0.50547636E+00 -0.65727622E+00
  0.51115587E+00 -0.65889340E+00
  0.51683538E+00 -0.66020320E+00
  0.52251489E+00 -0.66120925E+00
  0.52819440E+00 -0.66191538E+00
  0.53387391E+00 -0.66232552E+00
  0.53955341E+00 -0.66244380E+00
  0.54523292E+00 -0.66227450E+00
  0.55091243E+00 -0.66182207E+00
  0.55659194E+00 -0.66109112E+00
  0.56227145E+00 -0.66008643E+00
  0.56795096E+00 -0.65881298E+00
  0.57363047E+00 -0.65727591E+00
  0.57930998E+00 -0.65548054E+00
  0.58498949E+00 -0.65343238E+00
  0.59066900E+00 -0.65113709E+00
  0.59634851E+00 -0.64860052E+00
  0.60202802E+00 -0.64582867E+00
  0.60770753E+00 -0.64282768E+00
  0.61338704E+00 -0.63960383E+00
  0.61906655E+00 -0.63616355E+00
  0.62474606E+00 -0.63251334E+00
  0.63042557E+00 -0.62865982E+00
  0.63610508E+00 -0.62460973E+00
  0.64178459E+00 -0.62036988E+00
  0.64746410E+00 -0.61594727E+00
  0.65314361E+00 -0.61134923E+00
  0.65882312E+00 -0.60658390E+00
  0.66450263E+00 -0.60166208E+00
  0.67018214E+00 -0.59660683E+00
  0.67586165E+00 -0.59159648E+00
  0.68154116E+00 -0.59202319E+00
  0.68722066E+00 -0.59580799E+00
  0.69290017E+00 -0.59955444E+00
  0.69857968E+00 -0.60318522E+00
  0.70425919E+00 -0.60668921E+00
  0.70993870E+00 -0.61006315E+00
  0.71561821E+00 -0.61330577E+00
  0.72129772E+00 -0.61641646E+00
  0.72697723E+00 -0.61939487E+00
  0.73265674E+00 -0.62224081E+00
  0.73833625E+00 -0.62495414E+00
  0.74401576E+00 -0.62753478E+00
  0.74969527E+00 -0.62998270E+00
  0.75537478E+00 -0.63229790E+00
  0.76105429E+00 -0.63448044E+00
  0.76673380E+00 -0.63653046E+00
  0.77241331E+00 -0.63844816E+00
  0.77809282E+00 -0.64023387E+00
  0.78377233E+00 -0.64188801E+00
  0.78945184E+00 -0.64341116E+00
  0.79513135E+00 -0.64480406E+00
  0.80081086E+00 -0.64606760E+00
  0.80649037E+00 -0.64720291E+00
  0.81216988E+00 -0.64821131E+00
  0.81784939E+00 -0.64909437E+00
  0.82352890E+00 -0.64985389E+00
  0.82920841E+00 -0.65049195E+00
  0.83488792E+00 -0.65101090E+00
  0.84056742E+00 -0.65141335E+00
  0.84624693E+00 -0.65170222E+00
  0.85192644E+00 -0.65188069E+00
  0.85760595E+00 -0.65195224E+00
  0.86328546E+00 -0.65192062E+00
  0.86896497E+00 -0.65178984E+00
  0.87464448E+00 -0.65156417E+00
  0.88032399E+00 -0.65124814E+00
  0.88600350E+00 -0.65084647E+00
  0.89168301E+00 -0.65036411E+00
  0.89736252E+00 -0.64980619E+00
  0.90304203E+00 -0.64917799E+00
  0.90872154E+00 -0.64848491E+00
  0.91440105E+00 -0.64773248E+00
  0.92008056E+00 -0.64692630E+00
  0.92576007E+00 -0.64607201E+00
  0.93143958E+00 -0.64517528E+00
  0.93711909E+00 -0.64424176E+00
  0.94279860E+00 -0.64327707E+00
  0.94847811E+00 -0.64228678E+00
  0.95415762E+00 -0.64127634E+00
  0.95983713E+00 -0.64025110E+00
  0.96551664E+00 -0.63921626E+00
  0.97119615E+00 -0.63817688E+00
  0.97687566E+00 -0.63713778E+00
  0.98255517E+00 -0.63610363E+00
  0.98823468E+00 -0.63507885E+00
  0.99391418E+00 -0.63406761E+00
  0.99959369E+00 -0.63307386E+00
  0.10052732E+01 -0.63210125E+00
  0.10109527E+01 -0.63115320E+00
  0.10166322E+01 -0.63023282E+00
  0.10223117E+01 -0.62934297E+00
  0.10279912E+01 -0.62848623E+00
  0.10336708E+01 -0.62766488E+00
  0.10393503E+01 -0.62688097E+00
  0.10450298E+01 -0.62613628E+00
  0.10507093E+01 -0.62543233E+00
  0.10563888E+01 -0.62477043E+00
  0.10620683E+01 -0.62415166E+00
  0.10677478E+01 -0.62357690E+00
  0.10734273E+01 -0.62304686E+00
  0.10791068E+01 -0.62256207E+00
  0.10847863E+01 -0.62212294E+00
  0.10904658E+01 -0.62172977E+00
  0.10961454E+01 -0.62138272E+00
  0.11018249E+01 -0.62108193E+00
  0.11075044E+01 -0.62082744E+00
  0.11131839E+01 -0.62061926E+00
  0.11188634E+01 -0.62045738E+00
  0.11245429E+01 -0.62034178E+00
  0.11302224E+01 -0.62027244E+00
  0.11359185E+01 -0.62024932E+00
  0.11416146E+01 -0.62021699E+00
  0.11473107E+01 -0.62011970E+00
  0.11530068E+01 -0.61995659E+00
  0.11587029E+01 -0.61972629E+00
  0.11643990E+01 -0.61942708E+00
  0.11700951E+01 -0.61905702E+00
  0.11757912E+01 -0.61861415E+00
  0.11814872E+01 -0.61809675E+00
  0.11871833E+01 -0.61750357E+00
  0.11928794E+01 -0.61683411E+00
  0.11985755E+01 -0.61608889E+00
  0.12042716E+01 -0.61526972E+00
  0.12099677E+01 -0.61437994E+00
  0.12156638E+01 -0.61342467E+00
  0.12213599E+01 -0.61241100E+00
  0.12270560E+01 -0.61134814E+00
  0.12327521E+01 -0.61024752E+00
  0.12384482E+01 -0.60912286E+00
  0.12441443E+01 -0.60799014E+00
  0.12498404E+01 -0.60686756E+00
  0.12555364E+01 -0.60577533E+00
  0.12612325E+01 -0.60473556E+00
  0.12669286E+01 -0.60377194E+00
  0.12726247E+01 -0.60290941E+00
  0.12783208E+01 -0.60217383E+00
  0.12840169E+01 -0.60159154E+00
  0.12897130E+01 -0.60118893E+00
  0.12954091E+01 -0.60099197E+00
  0.13011052E+01 -0.60102579E+00
  0.13068013E+01 -0.60131416E+00
  0.13124974E+01 -0.60187915E+00
  0.13181935E+01 -0.60274070E+00
  0.13238896E+01 -0.60391630E+00
  0.13295856E+01 -0.60542076E+00
  0.13352817E+01 -0.60726598E+00
  0.13409778E+01 -0.60946084E+00
  0.13466739E+01 -0.61201118E+00
  0.13523700E+01 -0.61491980E+00
  0.13580661E+01 -0.61818658E+00
  0.13637622E+01 -0.62180862E+00
  0.13694583E+01 -0.62578043E+00
  0.13751544E+01 -0.63009422E+00
  0.13808505E+01 -0.63474015E+00
  0.13865466E+01 -0.63970661E+00
  0.13922427E+01 -0.64498055E+00
  0.13979387E+01 -0.65054776E+00
  0.14036348E+01 -0.65639322E+00
  0.14093309E+01 -0.66250133E+00
  0.14150270E+01 -0.66885621E+00
  0.14207231E+01 -0.67544198E+00
  0.14264192E+01 -0.68224294E+00
  0.14321153E+01 -0.68924383E+00
  0.14378114E+01 -0.69642997E+00
  0.14435075E+01 -0.70378747E+00
  0.14492036E+01 -0.71130331E+00
  0.14548997E+01 -0.71896548E+00
  0.14605958E+01 -0.72676306E+00
  0.14662919E+01 -0.73468627E+00
  0.14719879E+01 -0.74272649E+00
  0.14776840E+01 -0.75087629E+00
  0.14833801E+01 -0.75912941E+00
  0.14890762E+01 -0.76748072E+00
  0.14947723E+01 -0.77592613E+00
  0.15004684E+01 -0.78446258E+00
  0.15061645E+01 -0.79308787E+00
  0.15118606E+01 -0.80180058E+00
  0.15175567E+01 -0.81059993E+00
  0.15232528E+01 -0.81948564E+00
  0.15289489E+01 -0.82845776E+00
  0.15346450E+01 -0.83751651E+00
  0.15403411E+01 -0.84666215E+00
  0.15460371E+01 -0.85589473E+00
  0.15517332E+01 -0.86521399E+00
  0.15574293E+01 -0.87461912E+00
  0.15631254E+01 -0.88410869E+00
  0.15688215E+01 -0.89368038E+00
  0.15745176E+01 -0.90333091E+00
  0.15802137E+01 -0.91305591E+00
  0.15859098E+01 -0.92284974E+00
  0.15916059E+01 -0.93270546E+00
  0.15973020E+01 -0.94261467E+00
  0.16029981E+01 -0.95256752E+00
  0.16086942E+01 -0.96255263E+00
  0.16143903E+01 -0.97255707E+00
  0.16200863E+01 -0.98256633E+00
  0.16257824E+01 -0.99256442E+00
  0.16314785E+01 -0.10025338E+01
  0.16371746E+01 -0.10124556E+01
  0.16428707E+01 -0.10223094E+01
  0.16485668E+01 -0.10320737E+01
  0.16542629E+01 -0.10417260E+01
  0.16599590E+01 -0.10512424E+01
  0.16656551E+01 -0.10605986E+01
  0.16713512E+01 -0.10697693E+01
  0.16770473E+01 -0.10787288E+01
  0.16827434E+01 -0.10874512E+01
  0.16884394E+01 -0.10959105E+01
  0.16941355E+01 -0.11040806E+01
  0.16998316E+01 -0.11119359E+01
  0.17055277E+01 -0.11194512E+01
  0.17112238E+01 -0.11266022E+01
  0.17169199E+01 -0.11333654E+01
  0.17226160E+01 -0.11397185E+01
  0.17283121E+01 -0.11456406E+01
  0.17340082E+01 -0.11511122E+01
  0.17397043E+01 -0.11561155E+01
  0.17454004E+01 -0.11606346E+01
  0.17510965E+01 -0.11646553E+01
  0.17567926E+01 -0.11681657E+01
  0.17624886E+01 -0.11711557E+01
  0.17681847E+01 -0.11736173E+01
  0.17738808E+01 -0.11755448E+01
  0.17795769E+01 -0.11769341E+01
  0.17852488E+01 -0.11777835E+01
  0.17909207E+01 -0.11762867E+01
  0.17965926E+01 -0.11742711E+01
  0.18022645E+01 -0.11717438E+01
  0.18079364E+01 -0.11687125E+01
  0.18136083E+01 -0.11651858E+01
  0.18192802E+01 -0.11611727E+01
  0.18249521E+01 -0.11566826E+01
  0.18306240E+01 -0.11517252E+01
  0.18362959E+01 -0.11463103E+01
  0.18419678E+01 -0.11404479E+01
  0.18476397E+01 -0.11341480E+01
  0.18533116E+01 -0.11274209E+01
  0.18589835E+01 -0.11202766E+01
  0.18646554E+01 -0.11127256E+01
  0.18703273E+01 -0.11047782E+01
  0.18759992E+01 -0.10964452E+01
  0.18816711E+01 -0.10877376E+01
  0.18873430E+01 -0.10786669E+01
  0.18930149E+01 -0.10692451E+01
  0.18986868E+01 -0.10594847E+01
  0.19043587E+01 -0.10493990E+01
  0.19100306E+01 -0.10390023E+01
  0.19157025E+01 -0.10283095E+01
  0.19213744E+01 -0.10173367E+01
  0.19270463E+01 -0.10061012E+01
  0.19327182E+01 -0.99462111E+00
  0.19383901E+01 -0.98291597E+00
  0.19440620E+01 -0.97100642E+00
  0.19497339E+01 -0.95891432E+00
  0.19554058E+01 -0.94666270E+00
  0.19610777E+01 -0.93427577E+00
  0.19667496E+01 -0.92177880E+00
  0.19724215E+01 -0.90919812E+00
  0.19780934E+01 -0.89656101E+00
  0.19837653E+01 -0.88389560E+00
  0.19894372E+01 -0.87123075E+00
  0.19951091E+01 -0.85859598E+00
  0.20007810E+01 -0.84602128E+00
  0.20064529E+01 -0.83353707E+00
  0.20121248E+01 -0.82117397E+00
  0.20177967E+01 -0.80896278E+00
  0.20234686E+01 -0.79693430E+00
  0.20291405E+01 -0.78511921E+00
  0.20348124E+01 -0.77354802E+00
  0.20404843E+01 -0.76225096E+00
  0.20461562E+01 -0.75125791E+00
  0.20518281E+01 -0.74059836E+00
  0.20575000E+01 -0.73030136E+00
  0.20631719E+01 -0.72039553E+00
  0.20688438E+01 -0.71090906E+00
  0.20745157E+01 -0.70186973E+00
  0.20801876E+01 -0.69330496E+00
  0.20858595E+01 -0.68524185E+00
  0.20915314E+01 -0.67770726E+00
  0.20972032E+01 -0.67072781E+00
  0.21028751E+01 -0.66432994E+00
  0.21085470E+01 -0.65853990E+00
  0.21142189E+01 -0.65338366E+00
  0.21198908E+01 -0.64888682E+00
  0.21255627E+01 -0.64507430E+00
  0.21312346E+01 -0.64197006E+00
  0.21369065E+01 -0.63959651E+00
  0.21425784E+01 -0.63797394E+00
  0.21482503E+01 -0.63711962E+00
  0.21539222E+01 -0.63704696E+00
  0.21595941E+01 -0.63776438E+00
  0.21652660E+01 -0.63927434E+00
  0.21709379E+01 -0.64157233E+00
  0.21766098E+01 -0.64464606E+00
  0.21822817E+01 -0.64847497E+00
  0.21879536E+01 -0.65303000E+00
  0.21936255E+01 -0.65827391E+00
  0.21992974E+01 -0.66416182E+00
  0.22049693E+01 -0.67064228E+00
  0.22106412E+01 -0.67765850E+00
  0.22163131E+01 -0.68514975E+00
  0.22219850E+01 -0.69305284E+00
  0.22276569E+01 -0.70130348E+00
  0.22333288E+01 -0.70983753E+00
  0.22390007E+01 -0.71859209E+00
  0.22446726E+01 -0.72750627E+00
  0.22503445E+01 -0.73652187E+00
  0.22560164E+01 -0.74558382E+00
  0.22616883E+01 -0.75464042E+00
  0.22673602E+01 -0.76364348E+00
  0.22730321E+01 -0.77254840E+00
  0.22787040E+01 -0.78131408E+00
  0.22843759E+01 -0.78990286E+00
  0.22900478E+01 -0.79828038E+00
  0.22957197E+01 -0.80641545E+00
  0.23013916E+01 -0.81427989E+00
  0.23070635E+01 -0.82184836E+00
  0.23127354E+01 -0.82909822E+00
  0.23184073E+01 -0.83600942E+00
  0.23240792E+01 -0.84256430E+00
  0.23297511E+01 -0.84874747E+00
  0.23354230E+01 -0.85454574E+00
  0.23410949E+01 -0.85994792E+00
  0.23467668E+01 -0.86494478E+00
  0.23524387E+01 -0.86952890E+00
  0.23581106E+01 -0.87369458E+00
  0.23637825E+01 -0.87743772E+00
  0.23694544E+01 -0.88075575E+00
  0.23751263E+01 -0.88364753E+00
  0.23807982E+01 -0.88611324E+00
  0.23864701E+01 -0.88815428E+00
  0.23921420E+01 -0.88977321E+00
  0.23978139E+01 -0.89097365E+00
  0.24034858E+01 -0.89176015E+00
  0.24091577E+01 -0.89213816E+00
  0.24148266E+01 -0.89211391E+00
  0.24204955E+01 -0.89169466E+00
  0.24261644E+01 -0.89088806E+00
  0.24318333E+01 -0.88970218E+00
  0.24375021E+01 -0.88814558E+00
  0.24431710E+01 -0.88622721E+00
  0.24488399E+01 -0.88395632E+00
  0.24545088E+01 -0.88134244E+00
  0.24601777E+01 -0.87839528E+00
  0.24658466E+01 -0.87512466E+00
  0.24715155E+01 -0.87154051E+00
  0.24771844E+01 -0.86765274E+00
  0.24828533E+01 -0.86347126E+00
  0.24885222E+01 -0.85900589E+00
  0.24941911E+01 -0.85426632E+00
  0.24998600E+01 -0.84926209E+00
  0.25055289E+01 -0.84400257E+00
  0.25111978E+01 -0.83849686E+00
  0.25168667E+01 -0.83275384E+00
  0.25225356E+01 -0.82678208E+00
  0.25282045E+01 -0.82058987E+00
  0.25338734E+01 -0.81418516E+00
  0.25395422E+01 -0.80757556E+00
  0.25452111E+01 -0.80076833E+00
  0.25508800E+01 -0.79377035E+00
  0.25565489E+01 -0.78658814E+00
  0.25622178E+01 -0.77922782E+00
  0.25678867E+01 -0.77169510E+00
  0.25735556E+01 -0.76399533E+00
  0.25792245E+01 -0.75613343E+00
  0.25848934E+01 -0.74811395E+00
  0.25905623E+01 -0.73994101E+00
  0.25962312E+01 -0.73161834E+00
  0.26019001E+01 -0.72314929E+00
  0.26075690E+01 -0.71453682E+00
  0.26132379E+01 -0.70578347E+00
  0.26189068E+01 -0.69689146E+00
  0.26245757E+01 -0.68786260E+00
  0.26302446E+01 -0.67869837E+00
  0.26359135E+01 -0.66939991E+00
  0.26415824E+01 -0.65996803E+00
  0.26472512E+01 -0.65040325E+00
  0.26529201E+01 -0.64070581E+00
  0.26585890E+01 -0.63087570E+00
  0.26642579E+01 -0.62091269E+00
  0.26699268E+01 -0.61081635E+00
  0.26755957E+01 -0.60058611E+00
  0.26812646E+01 -0.59022127E+00
  0.26869335E+01 -0.57972107E+00
  0.26926024E+01 -0.56908471E+00
  0.26982713E+01 -0.55831138E+00
  0.27039402E+01 -0.54740035E+00
  0.27096091E+01 -0.53635095E+00
  0.27152780E+01 -0.52516269E+00
  0.27209469E+01 -0.51383524E+00
  0.27266158E+01 -0.50236850E+00
  0.27322847E+01 -0.49076263E+00
  0.27379536E+01 -0.47901811E+00
  0.27436225E+01 -0.46713575E+00
  0.27492913E+01 -0.45511676E+00
  0.27549602E+01 -0.44296274E+00
  0.27606291E+01 -0.43067577E+00
  0.27662980E+01 -0.41825837E+00
  0.27719669E+01 -0.40571358E+00
  0.27776358E+01 -0.39304498E+00
  0.27833047E+01 -0.38025670E+00
  0.27889736E+01 -0.36735344E+00
  0.27946425E+01 -0.35434052E+00
  0.28003114E+01 -0.34122386E+00
  0.28059803E+01 -0.32801004E+00
  0.28116492E+01 -0.31470628E+00
  0.28173181E+01 -0.30462747E+00
  0.28229870E+01 -0.29900588E+00
  0.28286559E+01 -0.29323817E+00
  0.28343248E+01 -0.28733348E+00
  0.28399937E+01 -0.28130136E+00
  0.28456626E+01 -0.27515180E+00
  0.28513314E+01 -0.26889515E+00
  0.28570003E+01 -0.26254220E+00
  0.28626692E+01 -0.25610411E+00
  0.28683381E+01 -0.24959240E+00
  0.28740070E+01 -0.24301897E+00
  0.28796759E+01 -0.23639604E+00
  0.28853448E+01 -0.22973613E+00
  0.28910137E+01 -0.22305209E+00
  0.28966826E+01 -0.21635698E+00
  0.29023515E+01 -0.20966414E+00
  0.29080204E+01 -0.20298709E+00
  0.29136893E+01 -0.19633952E+00
  0.29193582E+01 -0.18973527E+00
  0.29250271E+01 -0.18318826E+00
  0.29306960E+01 -0.17671249E+00
  0.29363649E+01 -0.17032197E+00
  0.29420338E+01 -0.16403069E+00
  0.29477027E+01 -0.15785258E+00
  0.29533715E+01 -0.15180148E+00
  0.29590404E+01 -0.14589105E+00
  0.29647093E+01 -0.14013479E+00
  0.29703782E+01 -0.13454596E+00
  0.29760471E+01 -0.12913755E+00
  0.29817160E+01 -0.12392220E+00
  0.29873849E+01 -0.11891224E+00
  0.29930538E+01 -0.11411954E+00
  0.29987227E+01 -0.10955558E+00
  0.30043916E+01 -0.10523133E+00
  0.30100605E+01 -0.10115724E+00
  0.30157294E+01 -0.97343220E-01
  0.30213983E+01 -0.93798578E-01
  0.30270672E+01 -0.90532007E-01
  0.30327361E+01 -0.87551548E-01
  0.30384050E+01 -0.84864564E-01
  0.30440739E+01 -0.82477713E-01
  0.30497428E+01 -0.80396924E-01
  0.30554116E+01 -0.78627379E-01
  0.30610805E+01 -0.77173493E-01
  0.30667494E+01 -0.76038901E-01
  0.30724183E+01 -0.75226441E-01
  0.30780872E+01 -0.74738149E-01
  0.30835569E+01 -0.74575248E-01
  0.30890265E+01 -0.74575248E-01
  0.30944962E+01 -0.74575248E-01
  0.30999658E+01 -0.74575248E-01
  0.31054354E+01 -0.74575248E-01
  0.31109051E+01 -0.74575248E-01
  0.31163747E+01 -0.74575248E-01
  0.31218444E+01 -0.74575248E-01
  0.31273140E+01 -0.74575248E-01
  0.31327836E+01 -0.74575248E-01
  0.31382533E+01 -0.74575248E-01
  0.31437229E+01 -0.74575248E-01
  0.31491926E+01 -0.74575248E-01
  0.31546622E+01 -0.74575248E-01
  0.31601319E+01 -0.74575248E-01
  0.31656015E+01 -0.74575248E-01
  0.31710711E+01 -0.74575248E-01
  0.31765408E+01 -0.74575248E-01
  0.31822203E+01 -0.74575248E-01
  
  0.00000000E+00 -0.74547393E-01
  0.56795096E-02 -0.74385087E-01
  0.11359019E-01 -0.73879010E-01
  0.17038529E-01 -0.73035563E-01
  0.22718039E-01 -0.71855669E-01
  0.28397548E-01 -0.70340346E-01
  0.34077058E-01 -0.68490872E-01
  0.39756567E-01 -0.66308796E-01
  0.45436077E-01 -0.63795939E-01
  0.51115587E-01 -0.60954388E-01
  0.56795096E-01 -0.57786496E-01
  0.62474606E-01 -0.54294874E-01
  0.68154116E-01 -0.50482383E-01
  0.73833625E-01 -0.46352132E-01
  0.79513135E-01 -0.41907471E-01
  0.85192644E-01 -0.37151979E-01
  0.90872154E-01 -0.32089462E-01
  0.96551664E-01 -0.26723942E-01
  0.10223117E+00 -0.21059648E-01
  0.10791068E+00 -0.15101012E-01
  0.11359019E+00 -0.88526541E-02
  0.11926970E+00 -0.23193781E-02
  0.12494921E+00  0.44938394E-02
  0.13062872E+00  0.11424112E-01
  0.13630823E+00  0.79088528E-04
  0.14198774E+00 -0.11562376E-01
  0.14766725E+00 -0.23481746E-01
  0.15334676E+00 -0.35660465E-01
  0.15902627E+00 -0.48079988E-01
  0.16470578E+00 -0.60721816E-01
  0.17038529E+00 -0.73567516E-01
  0.17606480E+00 -0.86598752E-01
  0.18174431E+00 -0.99797297E-01
  0.18742382E+00 -0.11314505E+00
  0.19310333E+00 -0.12662404E+00
  0.19878284E+00 -0.14021646E+00
  0.20446235E+00 -0.15390464E+00
  0.21014186E+00 -0.16767106E+00
  0.21582137E+00 -0.18149838E+00
  0.22150088E+00 -0.19536941E+00
  0.22718039E+00 -0.20926715E+00
  0.23285989E+00 -0.22317474E+00
  0.23853940E+00 -0.23707553E+00
  0.24421891E+00 -0.25095303E+00
  0.24989842E+00 -0.26479096E+00
  0.25557793E+00 -0.26892178E+00
  0.26125744E+00 -0.27251519E+00
  0.26693695E+00 -0.27583188E+00
  0.27261646E+00 -0.27885964E+00
  0.27829597E+00 -0.28158688E+00
  0.28397548E+00 -0.28400263E+00
  0.28965499E+00 -0.28609653E+00
  0.29533450E+00 -0.28785887E+00
  0.30101401E+00 -0.28928062E+00
  0.30669352E+00 -0.29035339E+00
  0.31237303E+00 -0.29106950E+00
  0.31805254E+00 -0.29142194E+00
  0.32373205E+00 -0.29140440E+00
  0.32941156E+00 -0.29101127E+00
  0.33509107E+00 -0.29023763E+00
  0.34077058E+00 -0.28907926E+00
  0.34645009E+00 -0.28753264E+00
  0.35212960E+00 -0.28559495E+00
  0.35780911E+00 -0.28326404E+00
  0.36348862E+00 -0.28053845E+00
  0.36916813E+00 -0.27741738E+00
  0.37484764E+00 -0.27390069E+00
  0.38052715E+00 -0.26998888E+00
  0.38620665E+00 -0.26568309E+00
  0.39188616E+00 -0.26098506E+00
  0.39756567E+00 -0.25589711E+00
  0.40324518E+00 -0.25902102E+00
  0.40892469E+00 -0.26760859E+00
  0.41460420E+00 -0.27617632E+00
  0.42028371E+00 -0.28472033E+00
  0.42596322E+00 -0.29323674E+00
  0.43164273E+00 -0.30172167E+00
  0.43732224E+00 -0.31017120E+00
  0.44300175E+00 -0.31858144E+00
  0.44868126E+00 -0.32694847E+00
  0.45436077E+00 -0.33526838E+00
  0.46004028E+00 -0.34353727E+00
  0.46571979E+00 -0.35175121E+00
  0.47139930E+00 -0.35990633E+00
  0.47707881E+00 -0.36799876E+00
  0.48275832E+00 -0.37602463E+00
  0.48843783E+00 -0.38398016E+00
  0.49411734E+00 -0.39186156E+00
  0.49979685E+00 -0.39966512E+00
  0.50547636E+00 -0.40738720E+00
  0.51115587E+00 -0.41502420E+00
  0.51683538E+00 -0.42257264E+00
  0.52251489E+00 -0.43002911E+00
  0.52819440E+00 -0.43739029E+00
  0.53387391E+00 -0.44465299E+00
  0.53955341E+00 -0.45181414E+00
  0.54523292E+00 -0.45887077E+00
  0.55091243E+00 -0.46582008E+00
  0.55659194E+00 -0.47265939E+00
  0.56227145E+00 -0.47938616E+00
  0.56795096E+00 -0.48599802E+00
  0.57363047E+00 -0.49249273E+00
  0.57930998E+00 -0.49886824E+00
  0.58498949E+00 -0.50512263E+00
  0.59066900E+00 -0.51125415E+00
  0.59634851E+00 -0.51726120E+00
  0.60202802E+00 -0.52314234E+00
  0.60770753E+00 -0.52889628E+00
  0.61338704E+00 -0.53452185E+00
  0.61906655E+00 -0.54001803E+00
  0.62474606E+00 -0.54538393E+00
  0.63042557E+00 -0.55061874E+00
  0.63610508E+00 -0.55572172E+00
  0.64178459E+00 -0.56069218E+00
  0.64746410E+00 -0.56552934E+00
  0.65314361E+00 -0.57023216E+00
  0.65882312E+00 -0.57479881E+00
  0.66450263E+00 -0.57922483E+00
  0.67018214E+00 -0.58349338E+00
  0.67586165E+00 -0.58743234E+00
  0.68154116E+00 -0.58565559E+00
  0.68722066E+00 -0.58024807E+00
  0.69290017E+00 -0.57461193E+00
  0.69857968E+00 -0.56883009E+00
  0.70425919E+00 -0.56291901E+00
  0.70993870E+00 -0.55688708E+00
  0.71561821E+00 -0.55074048E+00
  0.72129772E+00 -0.54448448E+00
  0.72697723E+00 -0.53812386E+00
  0.73265674E+00 -0.53166303E+00
  0.73833625E+00 -0.52510613E+00
  0.74401576E+00 -0.51845705E+00
  0.74969527E+00 -0.51171949E+00
  0.75537478E+00 -0.50489695E+00
  0.76105429E+00 -0.49799279E+00
  0.76673380E+00 -0.49101026E+00
  0.77241331E+00 -0.48395247E+00
  0.77809282E+00 -0.47682250E+00
  0.78377233E+00 -0.46962336E+00
  0.78945184E+00 -0.46235808E+00
  0.79513135E+00 -0.45502968E+00
  0.80081086E+00 -0.44764125E+00
  0.80649037E+00 -0.44019595E+00
  0.81216988E+00 -0.43269705E+00
  0.81784939E+00 -0.42514798E+00
  0.82352890E+00 -0.41755230E+00
  0.82920841E+00 -0.40991380E+00
  0.83488792E+00 -0.40223648E+00
  0.84056742E+00 -0.39452457E+00
  0.84624693E+00 -0.38678256E+00
  0.85192644E+00 -0.37901523E+00
  0.85760595E+00 -0.37122765E+00
  0.86328546E+00 -0.36342518E+00
  0.86896497E+00 -0.35561350E+00
  0.87464448E+00 -0.34779858E+00
  0.88032399E+00 -0.33998674E+00
  0.88600350E+00 -0.33218456E+00
  0.89168301E+00 -0.32439895E+00
  0.89736252E+00 -0.31663709E+00
  0.90304203E+00 -0.30890644E+00
  0.90872154E+00 -0.30121470E+00
  0.91440105E+00 -0.29356981E+00
  0.92008056E+00 -0.28597990E+00
  0.92576007E+00 -0.27845329E+00
  0.93143958E+00 -0.27099845E+00
  0.93711909E+00 -0.26362395E+00
  0.94279860E+00 -0.25633845E+00
  0.94847811E+00 -0.24915066E+00
  0.95415762E+00 -0.24206932E+00
  0.95983713E+00 -0.23510314E+00
  0.96551664E+00 -0.22826079E+00
  0.97119615E+00 -0.22155086E+00
  0.97687566E+00 -0.21498184E+00
  0.98255517E+00 -0.20856209E+00
  0.98823468E+00 -0.20229979E+00
  0.99391418E+00 -0.19620295E+00
  0.99959369E+00 -0.19027939E+00
  0.10052732E+01 -0.18453669E+00
  0.10109527E+01 -0.17898221E+00
  0.10166322E+01 -0.17362304E+00
  0.10223117E+01 -0.16846601E+00
  0.10279912E+01 -0.16351769E+00
  0.10336708E+01 -0.15878437E+00
  0.10393503E+01 -0.15427203E+00
  0.10450298E+01 -0.14998638E+00
  0.10507093E+01 -0.14593282E+00
  0.10563888E+01 -0.14211645E+00
  0.10620683E+01 -0.13854206E+00
  0.10677478E+01 -0.13521414E+00
  0.10734273E+01 -0.13213687E+00
  0.10791068E+01 -0.12931409E+00
  0.10847863E+01 -0.12674935E+00
  0.10904658E+01 -0.12444585E+00
  0.10961454E+01 -0.12240650E+00
  0.11018249E+01 -0.12063385E+00
  0.11075044E+01 -0.11913012E+00
  0.11131839E+01 -0.11789720E+00
  0.11188634E+01 -0.11693665E+00
  0.11245429E+01 -0.11624968E+00
  0.11302224E+01 -0.11583715E+00
  0.11359185E+01 -0.11569958E+00
  0.11416146E+01 -0.11564898E+00
  0.11473107E+01 -0.11549717E+00
  0.11530068E+01 -0.11524421E+00
  0.11587029E+01 -0.11489013E+00
  0.11643990E+01 -0.11443491E+00
  0.11700951E+01 -0.11387845E+00
  0.11757912E+01 -0.11322047E+00
  0.11814872E+01 -0.11246044E+00
  0.11871833E+01 -0.11159748E+00
  0.11928794E+01 -0.11063029E+00
  0.11985755E+01 -0.10955705E+00
  0.12042716E+01 -0.10837532E+00
  0.12099677E+01 -0.10708193E+00
  0.12156638E+01 -0.10567296E+00
  0.12213599E+01 -0.10414362E+00
  0.12270560E+01 -0.10248820E+00
  0.12327521E+01 -0.10070006E+00
  0.12384482E+01 -0.98771604E-01
  0.12441443E+01 -0.96694292E-01
  0.12498404E+01 -0.94458669E-01
  0.12555364E+01 -0.92054434E-01
  0.12612325E+01 -0.89470541E-01
  0.12669286E+01 -0.86695318E-01
  0.12726247E+01 -0.83716626E-01
  0.12783208E+01 -0.80522043E-01
  0.12840169E+01 -0.77099065E-01
  0.12897130E+01 -0.73435341E-01
  0.12954091E+01 -0.69518907E-01
  0.13011052E+01 -0.65338429E-01
  0.13068013E+01 -0.60883447E-01
  0.13124974E+01 -0.56144597E-01
  0.13181935E+01 -0.51113819E-01
  0.13238896E+01 -0.45784525E-01
  0.13295856E+01 -0.40151738E-01
  0.13352817E+01 -0.34212182E-01
  0.13409778E+01 -0.27964330E-01
  0.13466739E+01 -0.21408400E-01
  0.13523700E+01 -0.14546312E-01
  0.13580661E+01 -0.73816037E-02
  0.13637622E+01  0.80689194E-04
  0.13694583E+01  0.78341810E-02
  0.13751544E+01  0.15871301E-01
  0.13808505E+01  0.24183473E-01
  0.13865466E+01  0.32761293E-01
  0.13922427E+01  0.41594717E-01
  0.13979387E+01  0.50673224E-01
  0.14036348E+01  0.59985980E-01
  0.14093309E+01  0.69521976E-01
  0.14150270E+01  0.79270153E-01
  0.14207231E+01  0.89219505E-01
  0.14264192E+01  0.99359160E-01
  0.14321153E+01  0.10967844E+00
  0.14378114E+01  0.12016689E+00
  0.14435075E+01  0.13081434E+00
  0.14492036E+01  0.14161086E+00
  0.14548997E+01  0.15254677E+00
  0.14605958E+01  0.16361265E+00
  0.14662919E+01  0.17479924E+00
  0.14719879E+01  0.18609747E+00
  0.14776840E+01  0.19749837E+00
  0.14833801E+01  0.20899301E+00
  0.14890762E+01  0.22057251E+00
  0.14947723E+01  0.23222791E+00
  0.15004684E+01  0.24395018E+00
  0.15061645E+01  0.25573015E+00
  0.15118606E+01  0.26755847E+00
  0.15175567E+01  0.27942558E+00
  0.15232528E+01  0.29132171E+00
  0.15289489E+01  0.30323680E+00
  0.15346450E+01  0.31516056E+00
  0.15403411E+01  0.32708243E+00
  0.15460371E+01  0.33899157E+00
  0.15517332E+01  0.35087691E+00
  0.15574293E+01  0.36272716E+00
  0.15631254E+01  0.37453079E+00
  0.15688215E+01  0.38627612E+00
  0.15745176E+01  0.39770146E+00
  0.15802137E+01  0.38781707E+00
  0.15859098E+01  0.37824118E+00
  0.15916059E+01  0.36897431E+00
  0.15973020E+01  0.36001663E+00
  0.16029981E+01  0.35136791E+00
  0.16086942E+01  0.34302763E+00
  0.16143903E+01  0.33499491E+00
  0.16200863E+01  0.32726856E+00
  0.16257824E+01  0.31984713E+00
  0.16314785E+01  0.31272886E+00
  0.16371746E+01  0.30591174E+00
  0.16428707E+01  0.29939354E+00
  0.16485668E+01  0.29317179E+00
  0.16542629E+01  0.28724379E+00
  0.16599590E+01  0.28160668E+00
  0.16656551E+01  0.27625739E+00
  0.16713512E+01  0.27119269E+00
  0.16770473E+01  0.26640919E+00
  0.16827434E+01  0.26190333E+00
  0.16884394E+01  0.25767141E+00
  0.16941355E+01  0.25370959E+00
  0.16998316E+01  0.25001389E+00
  0.17055277E+01  0.24658020E+00
  0.17112238E+01  0.24340426E+00
  0.17169199E+01  0.24048167E+00
  0.17226160E+01  0.23780791E+00
  0.17283121E+01  0.23537830E+00
  0.17340082E+01  0.23318802E+00
  0.17397043E+01  0.23123211E+00
  0.17454004E+01  0.22950544E+00
  0.17510965E+01  0.22800273E+00
  0.17567926E+01  0.22671854E+00
  0.17624886E+01  0.22564724E+00
  0.17681847E+01  0.22478306E+00
  0.17738808E+01  0.22412002E+00
  0.17795769E+01  0.22365198E+00
  0.17852488E+01  0.22337262E+00
  0.17909207E+01  0.22382980E+00
  0.17965926E+01  0.22443626E+00
  0.18022645E+01  0.22518459E+00
  0.18079364E+01  0.22606723E+00
  0.18136083E+01  0.22707645E+00
  0.18192802E+01  0.22820439E+00
  0.18249521E+01  0.22944305E+00
  0.18306240E+01  0.23078431E+00
  0.18362959E+01  0.23221993E+00
  0.18419678E+01  0.23374157E+00
  0.18476397E+01  0.23534079E+00
  0.18533116E+01  0.23700910E+00
  0.18589835E+01  0.23873790E+00
  0.18646554E+01  0.24051856E+00
  0.18703273E+01  0.24234240E+00
  0.18759992E+01  0.24420071E+00
  0.18816711E+01  0.24608473E+00
  0.18873430E+01  0.24798572E+00
  0.18930149E+01  0.24989491E+00
  0.18986868E+01  0.25180356E+00
  0.19043587E+01  0.25370291E+00
  0.19100306E+01  0.25558426E+00
  0.19157025E+01  0.25743889E+00
  0.19213744E+01  0.25925818E+00
  0.19270463E+01  0.26103349E+00
  0.19327182E+01  0.26275627E+00
  0.19383901E+01  0.26441802E+00
  0.19440620E+01  0.26601029E+00
  0.19497339E+01  0.26752473E+00
  0.19554058E+01  0.26895305E+00
  0.19610777E+01  0.27028706E+00
  0.19667496E+01  0.27151866E+00
  0.19724215E+01  0.27263986E+00
  0.19780934E+01  0.27364281E+00
  0.19837653E+01  0.27451977E+00
  0.19894372E+01  0.27526316E+00
  0.19951091E+01  0.27586557E+00
  0.20007810E+01  0.26473698E+00
  0.20064529E+01  0.24698210E+00
  0.20121248E+01  0.22909812E+00
  0.20177967E+01  0.21110663E+00
  0.20234686E+01  0.19302956E+00
  0.20291405E+01  0.17488924E+00
  0.20348124E+01  0.15670842E+00
  0.20404843E+01  0.13851033E+00
  0.20461562E+01  0.12031876E+00
  0.20518281E+01  0.10215815E+00
  0.20575000E+01  0.84053617E-01
  0.20631719E+01  0.66031120E-01
  0.20688438E+01  0.48117509E-01
  0.20745157E+01  0.30340641E-01
  0.20801876E+01  0.12729474E-01
  0.20858595E+01 -0.46858373E-02
  0.20915314E+01 -0.21873874E-01
  0.20972032E+01 -0.38801897E-01
  0.21028751E+01 -0.55435835E-01
  0.21085470E+01 -0.71740324E-01
  0.21142189E+01 -0.87678816E-01
  0.21198908E+01 -0.10321378E+00
  0.21255627E+01 -0.11830702E+00
  0.21312346E+01 -0.13292012E+00
  0.21369065E+01 -0.14701504E+00
  0.21425784E+01 -0.16055490E+00
  0.21482503E+01 -0.17350489E+00
  0.21539222E+01 -0.18583332E+00
  0.21595941E+01 -0.19751280E+00
  0.21652660E+01 -0.20852139E+00
  0.21709379E+01 -0.21884371E+00
  0.21766098E+01 -0.22847187E+00
  0.21822817E+01 -0.23740610E+00
  0.21879536E+01 -0.24565505E+00
  0.21936255E+01 -0.25323565E+00
  0.21992974E+01 -0.26017259E+00
  0.22049693E+01 -0.26649739E+00
  0.22106412E+01 -0.27224725E+00
  0.22163131E+01 -0.27746368E+00
  0.22219850E+01 -0.28219116E+00
  0.22276569E+01 -0.28647575E+00
  0.22333288E+01 -0.29036390E+00
  0.22390007E+01 -0.29390147E+00
  0.22446726E+01 -0.29713283E+00
  0.22503445E+01 -0.30010033E+00
  0.22560164E+01 -0.30284382E+00
  0.22616883E+01 -0.30540036E+00
  0.22673602E+01 -0.30780410E+00
  0.22730321E+01 -0.31008621E+00
  0.22787040E+01 -0.31227489E+00
  0.22843759E+01 -0.31439545E+00
  0.22900478E+01 -0.31647037E+00
  0.22957197E+01 -0.31851945E+00
  0.23013916E+01 -0.32055989E+00
  0.23070635E+01 -0.32260644E+00
  0.23127354E+01 -0.32467148E+00
  0.23184073E+01 -0.32676516E+00
  0.23240792E+01 -0.32889549E+00
  0.23297511E+01 -0.33106846E+00
  0.23354230E+01 -0.33328809E+00
  0.23410949E+01 -0.33555660E+00
  0.23467668E+01 -0.33787443E+00
  0.23524387E+01 -0.34024038E+00
  0.23581106E+01 -0.34265168E+00
  0.23637825E+01 -0.34510409E+00
  0.23694544E+01 -0.34759204E+00
  0.23751263E+01 -0.35010864E+00
  0.23807982E+01 -0.35264590E+00
  0.23864701E+01 -0.35519473E+00
  0.23921420E+01 -0.35774515E+00
  0.23978139E+01 -0.36028634E+00
  0.24034858E+01 -0.36280676E+00
  0.24091577E+01 -0.36529432E+00
  0.24148266E+01 -0.36773644E+00
  0.24204955E+01 -0.37011896E+00
  0.24261644E+01 -0.37243007E+00
  0.24318333E+01 -0.37465653E+00
  0.24375021E+01 -0.37678508E+00
  0.24431710E+01 -0.37880259E+00
  0.24488399E+01 -0.38069610E+00
  0.24545088E+01 -0.38245297E+00
  0.24601777E+01 -0.38406091E+00
  0.24658466E+01 -0.38550809E+00
  0.24715155E+01 -0.38678321E+00
  0.24771844E+01 -0.38787554E+00
  0.24828533E+01 -0.38877496E+00
  0.24885222E+01 -0.38947205E+00
  0.24941911E+01 -0.38995805E+00
  0.24998600E+01 -0.39022495E+00
  0.25055289E+01 -0.39026545E+00
  0.25111978E+01 -0.39007297E+00
  0.25168667E+01 -0.38964168E+00
  0.25225356E+01 -0.38896647E+00
  0.25282045E+01 -0.38804290E+00
  0.25338734E+01 -0.38686724E+00
  0.25395422E+01 -0.38543640E+00
  0.25452111E+01 -0.38374792E+00
  0.25508800E+01 -0.38179993E+00
  0.25565489E+01 -0.37959111E+00
  0.25622178E+01 -0.37712070E+00
  0.25678867E+01 -0.37438842E+00
  0.25735556E+01 -0.37139448E+00
  0.25792245E+01 -0.36813954E+00
  0.25848934E+01 -0.36462468E+00
  0.25905623E+01 -0.36085140E+00
  0.25962312E+01 -0.35682161E+00
  0.26019001E+01 -0.35901103E+00
  0.26075690E+01 -0.36200880E+00
  0.26132379E+01 -0.36477447E+00
  0.26189068E+01 -0.36730541E+00
  0.26245757E+01 -0.36959924E+00
  0.26302446E+01 -0.37165372E+00
  0.26359135E+01 -0.37346684E+00
  0.26415824E+01 -0.37503678E+00
  0.26472512E+01 -0.37636193E+00
  0.26529201E+01 -0.37744090E+00
  0.26585890E+01 -0.37827252E+00
  0.26642579E+01 -0.37885586E+00
  0.26699268E+01 -0.37919020E+00
  0.26755957E+01 -0.37927508E+00
  0.26812646E+01 -0.37911028E+00
  0.26869335E+01 -0.37869583E+00
  0.26926024E+01 -0.37803201E+00
  0.26982713E+01 -0.37711938E+00
  0.27039402E+01 -0.37595874E+00
  0.27096091E+01 -0.37455119E+00
  0.27152780E+01 -0.37289812E+00
  0.27209469E+01 -0.37100118E+00
  0.27266158E+01 -0.36886235E+00
  0.27322847E+01 -0.36648387E+00
  0.27379536E+01 -0.36386835E+00
  0.27436225E+01 -0.36101868E+00
  0.27492913E+01 -0.35793809E+00
  0.27549602E+01 -0.35463016E+00
  0.27606291E+01 -0.35109881E+00
  0.27662980E+01 -0.34734833E+00
  0.27719669E+01 -0.34338335E+00
  0.27776358E+01 -0.33920890E+00
  0.27833047E+01 -0.33483040E+00
  0.27889736E+01 -0.33025364E+00
  0.27946425E+01 -0.32548483E+00
  0.28003114E+01 -0.32053057E+00
  0.28059803E+01 -0.31539790E+00
  0.28116492E+01 -0.31009424E+00
  0.28173181E+01 -0.30132046E+00
  0.28229870E+01 -0.28786117E+00
  0.28286559E+01 -0.27433768E+00
  0.28343248E+01 -0.26075995E+00
  0.28399937E+01 -0.24713865E+00
  0.28456626E+01 -0.23348517E+00
  0.28513314E+01 -0.21981159E+00
  0.28570003E+01 -0.20613069E+00
  0.28626692E+01 -0.19245595E+00
  0.28683381E+01 -0.17880151E+00
  0.28740070E+01 -0.16518219E+00
  0.28796759E+01 -0.15161343E+00
  0.28853448E+01 -0.13811129E+00
  0.28910137E+01 -0.12469239E+00
  0.28966826E+01 -0.11137390E+00
  0.29023515E+01 -0.98173485E-01
  0.29080204E+01 -0.85109275E-01
  0.29136893E+01 -0.72199790E-01
  0.29193582E+01 -0.59463900E-01
  0.29250271E+01 -0.46920767E-01
  0.29306960E+01 -0.34589783E-01
  0.29363649E+01 -0.22490504E-01
  0.29420338E+01 -0.10642583E-01
  0.29477027E+01  0.93429622E-03
  0.29533715E+01  0.12220491E-01
  0.29590404E+01  0.56434248E-02
  0.29647093E+01 -0.13681728E-02
  0.29703782E+01 -0.80740856E-02
  0.29760471E+01 -0.14471413E-01
  0.29817160E+01 -0.20557391E-01
  0.29873849E+01 -0.26329391E-01
  0.29930538E+01 -0.31784920E-01
  0.29987227E+01 -0.36921628E-01
  0.30043916E+01 -0.41737301E-01
  0.30100605E+01 -0.46229869E-01
  0.30157294E+01 -0.50397401E-01
  0.30213983E+01 -0.54238110E-01
  0.30270672E+01 -0.57750352E-01
  0.30327361E+01 -0.60932622E-01
  0.30384050E+01 -0.63783563E-01
  0.30440739E+01 -0.66301959E-01
  0.30497428E+01 -0.68486737E-01
  0.30554116E+01 -0.70336967E-01
  0.30610805E+01 -0.71851863E-01
  0.30667494E+01 -0.73030782E-01
  0.30724183E+01 -0.73873225E-01
  0.30780872E+01 -0.74378833E-01
  0.30835569E+01 -0.74547393E-01
  0.30890265E+01 -0.74547393E-01
  0.30944962E+01 -0.74547393E-01
  0.30999658E+01 -0.74547393E-01
  0.31054354E+01 -0.74547393E-01
  0.31109051E+01 -0.74547393E-01
  0.31163747E+01 -0.74547393E-01
  0.31218444E+01 -0.74547393E-01
  0.31273140E+01 -0.74547393E-01
  0.31327836E+01 -0.74547393E-01
  0.31382533E+01 -0.74547393E-01
  0.31437229E+01 -0.74547393E-01
  0.31491926E+01 -0.74547393E-01
  0.31546622E+01 -0.74547393E-01
  0.31601319E+01 -0.74547393E-01
  0.31656015E+01 -0.74547393E-01
  0.31710711E+01 -0.74547393E-01
  0.31765408E+01 -0.74547393E-01
  0.31822203E+01 -0.74547393E-01
  
  0.00000000E+00  0.15259533E+00
  0.56795096E-02  0.15231094E+00
  0.11359019E-01  0.15143309E+00
  0.17038529E-01  0.14997203E+00
  0.22718039E-01  0.14793106E+00
  0.28397548E-01  0.14531472E+00
  0.34077058E-01  0.14212875E+00
  0.39756567E-01  0.13838012E+00
  0.45436077E-01  0.13407697E+00
  0.51115587E-01  0.12922853E+00
  0.56795096E-01  0.12384514E+00
  0.62474606E-01  0.11793811E+00
  0.68154116E-01  0.11151973E+00
  0.73833625E-01  0.10460315E+00
  0.79513135E-01  0.97202350E-01
  0.85192644E-01  0.89332045E-01
  0.90872154E-01  0.81007631E-01
  0.96551664E-01  0.72245105E-01
  0.10223117E+00  0.63060999E-01
  0.10791068E+00  0.53472307E-01
  0.11359019E+00  0.43496421E-01
  0.11926970E+00  0.33151062E-01
  0.12494921E+00  0.22454225E-01
  0.13062872E+00  0.11581858E-01
  0.13630823E+00  0.18939382E-01
  0.14198774E+00  0.26560971E-01
  0.14766725E+00  0.34441050E-01
  0.15334676E+00  0.42573915E-01
  0.15902627E+00  0.50953746E-01
  0.16470578E+00  0.59574616E-01
  0.17038529E+00  0.60607840E-01
  0.17606480E+00  0.54714150E-01
  0.18174431E+00  0.48670807E-01
  0.18742382E+00  0.42481683E-01
  0.19310333E+00  0.36150719E-01
  0.19878284E+00  0.29681928E-01
  0.20446235E+00  0.23079381E-01
  0.21014186E+00  0.16347209E-01
  0.21582137E+00  0.94895925E-02
  0.22150088E+00  0.25107608E-02
  0.22718039E+00 -0.45850166E-02
  0.23285989E+00 -0.11793434E-01
  0.23853940E+00 -0.19110158E-01
  0.24421891E+00 -0.26530827E-01
  0.24989842E+00 -0.34051065E-01
  0.25557793E+00 -0.41666481E-01
  0.26125744E+00 -0.49372678E-01
  0.26693695E+00 -0.57165259E-01
  0.27261646E+00 -0.65039828E-01
  0.27829597E+00 -0.72992000E-01
  0.28397548E+00 -0.81017405E-01
  0.28965499E+00 -0.89111689E-01
  0.29533450E+00 -0.97270523E-01
  0.30101401E+00 -0.10548960E+00
  0.30669352E+00 -0.11376465E+00
  0.31237303E+00 -0.12209143E+00
  0.31805254E+00 -0.13046573E+00
  0.32373205E+00 -0.13888337E+00
  0.32941156E+00 -0.14734021E+00
  0.33509107E+00 -0.15583216E+00
  0.34077058E+00 -0.16435514E+00
  0.34645009E+00 -0.17290511E+00
  0.35212960E+00 -0.18147808E+00
  0.35780911E+00 -0.19007007E+00
  0.36348862E+00 -0.19867713E+00
  0.36916813E+00 -0.20729535E+00
  0.37484764E+00 -0.21592080E+00
  0.38052715E+00 -0.22454961E+00
  0.38620665E+00 -0.23317791E+00
  0.39188616E+00 -0.24180181E+00
  0.39756567E+00 -0.25041747E+00
  0.40324518E+00 -0.25042216E+00
  0.40892469E+00 -0.24456367E+00
  0.41460420E+00 -0.23832561E+00
  0.42028371E+00 -0.23171249E+00
  0.42596322E+00 -0.22472928E+00
  0.43164273E+00 -0.21738141E+00
  0.43732224E+00 -0.20967475E+00
  0.44300175E+00 -0.20161555E+00
  0.44868126E+00 -0.19321046E+00
  0.45436077E+00 -0.18446647E+00
  0.46004028E+00 -0.17539089E+00
  0.46571979E+00 -0.16599134E+00
  0.47139930E+00 -0.15627568E+00
  0.47707881E+00 -0.14625205E+00
  0.48275832E+00 -0.13592876E+00
  0.48843783E+00 -0.12531436E+00
  0.49411734E+00 -0.11441752E+00
  0.49979685E+00 -0.10324709E+00
  0.50547636E+00 -0.91812006E-01
  0.51115587E+00 -0.80121328E-01
  0.51683538E+00 -0.68184182E-01
  0.52251489E+00 -0.56009754E-01
  0.52819440E+00 -0.43607273E-01
  0.53387391E+00 -0.30985991E-01
  0.53955341E+00 -0.18155171E-01
  0.54523292E+00 -0.51240748E-02
  0.55091243E+00  0.80980524E-02
  0.55659194E+00  0.21501990E-01
  0.56227145E+00  0.35078550E-01
  0.56795096E+00  0.48818588E-01
  0.57363047E+00  0.62713004E-01
  0.57930998E+00  0.76752755E-01
  0.58498949E+00  0.90928849E-01
  0.59066900E+00  0.10523236E+00
  0.59634851E+00  0.11965441E+00
  0.60202802E+00  0.13418619E+00
  0.60770753E+00  0.14881896E+00
  0.61338704E+00  0.16354404E+00
  0.61906655E+00  0.17835278E+00
  0.62474606E+00  0.19323663E+00
  0.63042557E+00  0.20818706E+00
  0.63610508E+00  0.22319563E+00
  0.64178459E+00  0.23825392E+00
  0.64746410E+00  0.25335358E+00
  0.65314361E+00  0.26848629E+00
  0.65882312E+00  0.28364381E+00
  0.66450263E+00  0.29881791E+00
  0.67018214E+00  0.31400043E+00
  0.67586165E+00  0.32918324E+00
  0.68154116E+00  0.34435826E+00
  0.68722066E+00  0.35951748E+00
  0.69290017E+00  0.37465290E+00
  0.69857968E+00  0.38975661E+00
  0.70425919E+00  0.40482073E+00
  0.70993870E+00  0.41983746E+00
  0.71561821E+00  0.43479904E+00
  0.72129772E+00  0.44969781E+00
  0.72697723E+00  0.46452617E+00
  0.73265674E+00  0.47927660E+00
  0.73833625E+00  0.49394169E+00
  0.74401576E+00  0.50851412E+00
  0.74969527E+00  0.52298666E+00
  0.75537478E+00  0.53735223E+00
  0.76105429E+00  0.55160386E+00
  0.76673380E+00  0.56573470E+00
  0.77241331E+00  0.57973806E+00
  0.77809282E+00  0.59360741E+00
  0.78377233E+00  0.60733637E+00
  0.78945184E+00  0.62091873E+00
  0.79513135E+00  0.63434846E+00
  0.80081086E+00  0.64761973E+00
  0.80649037E+00  0.66072688E+00
  0.81216988E+00  0.67366448E+00
  0.81784939E+00  0.68642729E+00
  0.82352890E+00  0.69901030E+00
  0.82920841E+00  0.71140869E+00
  0.83488792E+00  0.72361788E+00
  0.84056742E+00  0.73563353E+00
  0.84624693E+00  0.74745152E+00
  0.85192644E+00  0.75906793E+00
  0.85760595E+00  0.77047911E+00
  0.86328546E+00  0.78168163E+00
  0.86896497E+00  0.79267228E+00
  0.87464448E+00  0.80344807E+00
  0.88032399E+00  0.81400625E+00
  0.88600350E+00  0.82434429E+00
  0.89168301E+00  0.83445985E+00
  0.89736252E+00  0.84435083E+00
  0.90304203E+00  0.85401531E+00
  0.90872154E+00  0.86345159E+00
  0.91440105E+00  0.87265812E+00
  0.92008056E+00  0.88163357E+00
  0.92576007E+00  0.89037677E+00
  0.93143958E+00  0.89888670E+00
  0.93711909E+00  0.90716251E+00
  0.94279860E+00  0.91520349E+00
  0.94847811E+00  0.92300906E+00
  0.95415762E+00  0.93057878E+00
  0.95983713E+00  0.93791232E+00
  0.96551664E+00  0.94500944E+00
  0.97119615E+00  0.95187003E+00
  0.97687566E+00  0.95849405E+00
  0.98255517E+00  0.96488152E+00
  0.98823468E+00  0.97103258E+00
  0.99391418E+00  0.97694737E+00
  0.99959369E+00  0.98262614E+00
  0.10052732E+01  0.98806915E+00
  0.10109527E+01  0.99327671E+00
  0.10166322E+01  0.99824916E+00
  0.10223117E+01  0.10029869E+01
  0.10279912E+01  0.10074902E+01
  0.10336708E+01  0.10117595E+01
  0.10393503E+01  0.10157953E+01
  0.10450298E+01  0.10195979E+01
  0.10507093E+01  0.10231678E+01
  0.10563888E+01  0.10265052E+01
  0.10620683E+01  0.10296106E+01
  0.10677478E+01  0.10324845E+01
  0.10734273E+01  0.10351270E+01
  0.10791068E+01  0.10375385E+01
  0.10847863E+01  0.10397195E+01
  0.10904658E+01  0.10416700E+01
  0.10961454E+01  0.10433905E+01
  0.11018249E+01  0.10448810E+01
  0.11075044E+01  0.10461419E+01
  0.11131839E+01  0.10471733E+01
  0.11188634E+01  0.10479754E+01
  0.11245429E+01  0.10485482E+01
  0.11302224E+01  0.10488919E+01
  0.11359185E+01  0.10490064E+01
  0.11416146E+01  0.10491675E+01
  0.11473107E+01  0.10496503E+01
  0.11530068E+01  0.10504535E+01
  0.11587029E+01  0.10515749E+01
  0.11643990E+01  0.10530112E+01
  0.11700951E+01  0.10547583E+01
  0.11757912E+01  0.10568106E+01
  0.11814872E+01  0.10591615E+01
  0.11871833E+01  0.10618028E+01
  0.11928794E+01  0.10647244E+01
  0.11985755E+01  0.10679141E+01
  0.12042716E+01  0.10713571E+01
  0.12099677E+01  0.10750352E+01
  0.12156638E+01  0.10789257E+01
  0.12213599E+01  0.10830005E+01
  0.12270560E+01  0.10872236E+01
  0.12327521E+01  0.10915490E+01
  0.12384482E+01  0.10959165E+01
  0.12441443E+01  0.11002464E+01
  0.12498404E+01  0.11044318E+01
  0.12555364E+01  0.11083281E+01
  0.12612325E+01  0.11117396E+01
  0.12669286E+01  0.11144053E+01
  0.12726247E+01  0.11159908E+01
  0.12783208E+01  0.11161018E+01
  0.12840169E+01  0.11143391E+01
  0.12897130E+01  0.11104001E+01
  0.12954091E+01  0.11041807E+01
  0.13011052E+01  0.10958044E+01
  0.13068013E+01  0.10855549E+01
  0.13124974E+01  0.10737733E+01
  0.13181935E+01  0.10607806E+01
  0.13238896E+01  0.10468450E+01
  0.13295856E+01  0.10321778E+01
  0.13352817E+01  0.10169416E+01
  0.13409778E+01  0.10012620E+01
  0.13466739E+01  0.98523611E+00
  0.13523700E+01  0.96894107E+00
  0.13580661E+01  0.95243882E+00
  0.13637622E+01  0.93578029E+00
  0.13694583E+01  0.91900816E+00
  0.13751544E+01  0.90215879E+00
  0.13808505E+01  0.88526372E+00
  0.13865466E+01  0.86835067E+00
  0.13922427E+01  0.85144433E+00
  0.13979387E+01  0.83456696E+00
  0.14036348E+01  0.81773879E+00
  0.14093309E+01  0.80097837E+00
  0.14150270E+01  0.78430286E+00
  0.14207231E+01  0.76772820E+00
  0.14264192E+01  0.75126928E+00
  0.14321153E+01  0.73494009E+00
  0.14378114E+01  0.71875381E+00
  0.14435075E+01  0.70272291E+00
  0.14492036E+01  0.68685918E+00
  0.14548997E+01  0.67117382E+00
  0.14605958E+01  0.65567750E+00
  0.14662919E+01  0.64038034E+00
  0.14719879E+01  0.62529198E+00
  0.14776840E+01  0.61042158E+00
  0.14833801E+01  0.59577784E+00
  0.14890762E+01  0.58136902E+00
  0.14947723E+01  0.56720293E+00
  0.15004684E+01  0.55328696E+00
  0.15061645E+01  0.53962804E+00
  0.15118606E+01  0.52623268E+00
  0.15175567E+01  0.51310695E+00
  0.15232528E+01  0.50025649E+00
  0.15289489E+01  0.48768649E+00
  0.15346450E+01  0.47540171E+00
  0.15403411E+01  0.46340646E+00
  0.15460371E+01  0.45170461E+00
  0.15517332E+01  0.44029960E+00
  0.15574293E+01  0.42919442E+00
  0.15631254E+01  0.41839165E+00
  0.15688215E+01  0.40789342E+00
  0.15745176E+01  0.39795128E+00
  0.15802137E+01  0.40954431E+00
  0.15859098E+01  0.42104314E+00
  0.15916059E+01  0.43243563E+00
  0.15973020E+01  0.44370960E+00
  0.16029981E+01  0.45485288E+00
  0.16086942E+01  0.46585328E+00
  0.16143903E+01  0.47669867E+00
  0.16200863E+01  0.48737694E+00
  0.16257824E+01  0.49787605E+00
  0.16314785E+01  0.50818403E+00
  0.16371746E+01  0.51828898E+00
  0.16428707E+01  0.52817906E+00
  0.16485668E+01  0.53784251E+00
  0.16542629E+01  0.54726765E+00
  0.16599590E+01  0.55644284E+00
  0.16656551E+01  0.56535653E+00
  0.16713512E+01  0.57399718E+00
  0.16770473E+01  0.58235331E+00
  0.16827434E+01  0.59041349E+00
  0.16884394E+01  0.59816629E+00
  0.16941355E+01  0.60560032E+00
  0.16998316E+01  0.61270418E+00
  0.17055277E+01  0.61946650E+00
  0.17112238E+01  0.62587593E+00
  0.17169199E+01  0.63192111E+00
  0.17226160E+01  0.63759073E+00
  0.17283121E+01  0.64287349E+00
  0.17340082E+01  0.64775814E+00
  0.17397043E+01  0.65223349E+00
  0.17454004E+01  0.65628844E+00
  0.17510965E+01  0.65991200E+00
  0.17567926E+01  0.66309331E+00
  0.17624886E+01  0.66582170E+00
  0.17681847E+01  0.66808673E+00
  0.17738808E+01  0.66987822E+00
  0.17795769E+01  0.67118629E+00
  0.17852488E+01  0.67200145E+00
  0.17909207E+01  0.67052789E+00
  0.17965926E+01  0.66852188E+00
  0.18022645E+01  0.66597775E+00
  0.18079364E+01  0.66289063E+00
  0.18136083E+01  0.65925653E+00
  0.18192802E+01  0.65507235E+00
  0.18249521E+01  0.65033598E+00
  0.18306240E+01  0.64504629E+00
  0.18362959E+01  0.63920321E+00
  0.18419678E+01  0.63280769E+00
  0.18476397E+01  0.62586180E+00
  0.18533116E+01  0.61836868E+00
  0.18589835E+01  0.61033256E+00
  0.18646554E+01  0.60175876E+00
  0.18703273E+01  0.59265369E+00
  0.18759992E+01  0.58302482E+00
  0.18816711E+01  0.57288063E+00
  0.18873430E+01  0.56223066E+00
  0.18930149E+01  0.55108536E+00
  0.18986868E+01  0.53945615E+00
  0.19043587E+01  0.52735533E+00
  0.19100306E+01  0.51479605E+00
  0.19157025E+01  0.50179223E+00
  0.19213744E+01  0.48835856E+00
  0.19270463E+01  0.47451042E+00
  0.19327182E+01  0.46026383E+00
  0.19383901E+01  0.44563539E+00
  0.19440620E+01  0.43064226E+00
  0.19497339E+01  0.41530211E+00
  0.19554058E+01  0.39963305E+00
  0.19610777E+01  0.38365362E+00
  0.19667496E+01  0.36738273E+00
  0.19724215E+01  0.35083964E+00
  0.19780934E+01  0.33404395E+00
  0.19837653E+01  0.31701552E+00
  0.19894372E+01  0.29977454E+00
  0.19951091E+01  0.28234146E+00
  0.20007810E+01  0.27631974E+00
  0.20064529E+01  0.27661865E+00
  0.20121248E+01  0.27675545E+00
  0.20177967E+01  0.27672355E+00
  0.20234686E+01  0.27651661E+00
  0.20291405E+01  0.27612855E+00
  0.20348124E+01  0.27555361E+00
  0.20404843E+01  0.27478632E+00
  0.20461562E+01  0.27382156E+00
  0.20518281E+01  0.27265457E+00
  0.20575000E+01  0.27128095E+00
  0.20631719E+01  0.26969671E+00
  0.20688438E+01  0.26789826E+00
  0.20745157E+01  0.26588244E+00
  0.20801876E+01  0.26364654E+00
  0.20858595E+01  0.26118828E+00
  0.20915314E+01  0.25850585E+00
  0.20972032E+01  0.25559792E+00
  0.21028751E+01  0.25246361E+00
  0.21085470E+01  0.24910252E+00
  0.21142189E+01  0.24551471E+00
  0.21198908E+01  0.24170073E+00
  0.21255627E+01  0.23766155E+00
  0.21312346E+01  0.23339862E+00
  0.21369065E+01  0.22891382E+00
  0.21425784E+01  0.22420944E+00
  0.21482503E+01  0.21928821E+00
  0.21539222E+01  0.21415322E+00
  0.21595941E+01  0.20880795E+00
  0.21652660E+01  0.20325623E+00
  0.21709379E+01  0.19750222E+00
  0.21766098E+01  0.19155041E+00
  0.21822817E+01  0.18540557E+00
  0.21879536E+01  0.17907273E+00
  0.21936255E+01  0.17255721E+00
  0.21992974E+01  0.16586451E+00
  0.22049693E+01  0.15900039E+00
  0.22106412E+01  0.15197078E+00
  0.22163131E+01  0.14478177E+00
  0.22219850E+01  0.13743964E+00
  0.22276569E+01  0.12995077E+00
  0.22333288E+01  0.12232171E+00
  0.22390007E+01  0.11455908E+00
  0.22446726E+01  0.10666961E+00
  0.22503445E+01  0.98660116E-01
  0.22560164E+01  0.90537485E-01
  0.22616883E+01  0.82308656E-01
  0.22673602E+01  0.73980618E-01
  0.22730321E+01  0.65560400E-01
  0.22787040E+01  0.57055055E-01
  0.22843759E+01  0.48471657E-01
  0.22900478E+01  0.39817290E-01
  0.22957197E+01  0.31099038E-01
  0.23013916E+01  0.22323979E-01
  0.23070635E+01  0.13499177E-01
  0.23127354E+01  0.46316746E-02
  0.23184073E+01 -0.42715153E-02
  0.23240792E+01 -0.13203414E-01
  0.23297511E+01 -0.22157085E-01
  0.23354230E+01 -0.31125640E-01
  0.23410949E+01 -0.40102244E-01
  0.23467668E+01 -0.49080121E-01
  0.23524387E+01 -0.58052558E-01
  0.23581106E+01 -0.67012911E-01
  0.23637825E+01 -0.75954608E-01
  0.23694544E+01 -0.84871151E-01
  0.23751263E+01 -0.93756123E-01
  0.23807982E+01 -0.10260318E+00
  0.23864701E+01 -0.11140608E+00
  0.23921420E+01 -0.12015864E+00
  0.23978139E+01 -0.12885477E+00
  0.24034858E+01 -0.13748848E+00
  0.24091577E+01 -0.14605383E+00
  0.24148266E+01 -0.15454500E+00
  0.24204955E+01 -0.16295179E+00
  0.24261644E+01 -0.17127305E+00
  0.24318333E+01 -0.17950319E+00
  0.24375021E+01 -0.18763671E+00
  0.24431710E+01 -0.19566814E+00
  0.24488399E+01 -0.20359213E+00
  0.24545088E+01 -0.21140336E+00
  0.24601777E+01 -0.21909660E+00
  0.24658466E+01 -0.22666666E+00
  0.24715155E+01 -0.23410843E+00
  0.24771844E+01 -0.24141686E+00
  0.24828533E+01 -0.24858693E+00
  0.24885222E+01 -0.25561370E+00
  0.24941911E+01 -0.26249229E+00
  0.24998600E+01 -0.26921787E+00
  0.25055289E+01 -0.27578565E+00
  0.25111978E+01 -0.28219092E+00
  0.25168667E+01 -0.28842903E+00
  0.25225356E+01 -0.29449539E+00
  0.25282045E+01 -0.30038546E+00
  0.25338734E+01 -0.30609481E+00
  0.25395422E+01 -0.31161904E+00
  0.25452111E+01 -0.31695387E+00
  0.25508800E+01 -0.32209509E+00
  0.25565489E+01 -0.32703858E+00
  0.25622178E+01 -0.33178033E+00
  0.25678867E+01 -0.33631642E+00
  0.25735556E+01 -0.34064308E+00
  0.25792245E+01 -0.34475663E+00
  0.25848934E+01 -0.34865352E+00
  0.25905623E+01 -0.35233036E+00
  0.25962312E+01 -0.35578390E+00
  0.26019001E+01 -0.35253761E+00
  0.26075690E+01 -0.34800208E+00
  0.26132379E+01 -0.34321811E+00
  0.26189068E+01 -0.33818918E+00
  0.26245757E+01 -0.33291917E+00
  0.26302446E+01 -0.32741238E+00
  0.26359135E+01 -0.32167352E+00
  0.26415824E+01 -0.31570776E+00
  0.26472512E+01 -0.30952071E+00
  0.26529201E+01 -0.30311841E+00
  0.26585890E+01 -0.29650741E+00
  0.26642579E+01 -0.28969470E+00
  0.26699268E+01 -0.28268773E+00
  0.26755957E+01 -0.27549445E+00
  0.26812646E+01 -0.26812325E+00
  0.26869335E+01 -0.26058295E+00
  0.26926024E+01 -0.25288282E+00
  0.26982713E+01 -0.24503251E+00
  0.27039402E+01 -0.23704208E+00
  0.27096091E+01 -0.22892189E+00
  0.27152780E+01 -0.22068265E+00
  0.27209469E+01 -0.21233530E+00
  0.27266158E+01 -0.20389105E+00
  0.27322847E+01 -0.19536125E+00
  0.27379536E+01 -0.18675742E+00
  0.27436225E+01 -0.17809117E+00
  0.27492913E+01 -0.16937415E+00
  0.27549602E+01 -0.16061802E+00
  0.27606291E+01 -0.15183440E+00
  0.27662980E+01 -0.14303483E+00
  0.27719669E+01 -0.13423071E+00
  0.27776358E+01 -0.12543329E+00
  0.27833047E+01 -0.11665361E+00
  0.27889736E+01 -0.10790248E+00
  0.27946425E+01 -0.99190453E-01
  0.28003114E+01 -0.90527763E-01
  0.28059803E+01 -0.81924337E-01
  0.28116492E+01 -0.73389755E-01
  0.28173181E+01 -0.64933235E-01
  0.28229870E+01 -0.56563613E-01
  0.28286559E+01 -0.48289333E-01
  0.28343248E+01 -0.40118438E-01
  0.28399937E+01 -0.32058559E-01
  0.28456626E+01 -0.24116917E-01
  0.28513314E+01 -0.16300321E-01
  0.28570003E+01 -0.86151668E-02
  0.28626692E+01 -0.10674490E-02
  0.28683381E+01  0.63372359E-02
  0.28740070E+01  0.13593676E-01
  0.28796759E+01  0.20697034E-01
  0.28853448E+01  0.27642827E-01
  0.28910137E+01  0.34426915E-01
  0.28966826E+01  0.41045481E-01
  0.29023515E+01  0.47495008E-01
  0.29080204E+01  0.53772264E-01
  0.29136893E+01  0.59874277E-01
  0.29193582E+01  0.63012725E-01
  0.29250271E+01  0.53953467E-01
  0.29306960E+01  0.45175978E-01
  0.29363649E+01  0.36684047E-01
  0.29420338E+01  0.28481343E-01
  0.29477027E+01  0.20571411E-01
  0.29533715E+01  0.12957674E-01
  0.29590404E+01  0.23196473E-01
  0.29647093E+01  0.33842899E-01
  0.29703782E+01  0.44140682E-01
  0.29760471E+01  0.54071067E-01
  0.29817160E+01  0.63615698E-01
  0.29873849E+01  0.72756694E-01
  0.29930538E+01  0.81476711E-01
  0.29987227E+01  0.89759012E-01
  0.30043916E+01  0.97587534E-01
  0.30100605E+01  0.10494694E+00
  0.30157294E+01  0.11182270E+00
  0.30213983E+01  0.11820111E+00
  0.30270672E+01  0.12406938E+00
  0.30327361E+01  0.12941565E+00
  0.30384050E+01  0.13422908E+00
  0.30440739E+01  0.13849983E+00
  0.30497428E+01  0.14221916E+00
  0.30554116E+01  0.14537940E+00
  0.30610805E+01  0.14797404E+00
  0.30667494E+01  0.14999770E+00
  0.30724183E+01  0.15144618E+00
  0.30780872E+01  0.15231648E+00
  0.30835569E+01  0.15259533E+00
  0.30890265E+01  0.15259533E+00
  0.30944962E+01  0.15259533E+00
  0.30999658E+01  0.15259533E+00
  0.31054354E+01  0.15259533E+00
  0.31109051E+01  0.15259533E+00
  0.31163747E+01  0.15259533E+00
  0.31218444E+01  0.15259533E+00
  0.31273140E+01  0.15259533E+00
  0.31327836E+01  0.15259533E+00
  0.31382533E+01  0.15259533E+00
  0.31437229E+01  0.15259533E+00
  0.31491926E+01  0.15259533E+00
  0.31546622E+01  0.15259533E+00
  0.31601319E+01  0.15259533E+00
  0.31656015E+01  0.15259533E+00
  0.31710711E+01  0.15259533E+00
  0.31765408E+01  0.15259533E+00
  0.31822203E+01  0.15259533E+00
  
  0.00000000E+00  0.15260678E+00
  0.56795096E-02  0.15249063E+00
  0.11359019E-01  0.15216760E+00
  0.17038529E-01  0.15162962E+00
  0.22718039E-01  0.15087699E+00
  0.28397548E-01  0.14991025E+00
  0.34077058E-01  0.14873006E+00
  0.39756567E-01  0.14733726E+00
  0.45436077E-01  0.14573282E+00
  0.51115587E-01  0.14391786E+00
  0.56795096E-01  0.14189367E+00
  0.62474606E-01  0.13966164E+00
  0.68154116E-01  0.13722332E+00
  0.73833625E-01  0.13458042E+00
  0.79513135E-01  0.13173475E+00
  0.85192644E-01  0.12868828E+00
  0.90872154E-01  0.12544309E+00
  0.96551664E-01  0.12200142E+00
  0.10223117E+00  0.11836561E+00
  0.10791068E+00  0.11453813E+00
  0.11359019E+00  0.11052158E+00
  0.11926970E+00  0.10631866E+00
  0.12494921E+00  0.10193220E+00
  0.13062872E+00  0.97365145E-01
  0.13630823E+00  0.92620536E-01
  0.14198774E+00  0.87701528E-01
  0.14766725E+00  0.82611376E-01
  0.15334676E+00  0.77353434E-01
  0.15902627E+00  0.71931155E-01
  0.16470578E+00  0.66348080E-01
  0.17038529E+00  0.68430497E-01
  0.17606480E+00  0.77515273E-01
  0.18174431E+00  0.86822745E-01
  0.18742382E+00  0.96346644E-01
  0.19310333E+00  0.10608064E+00
  0.19878284E+00  0.11601833E+00
  0.20446235E+00  0.12615329E+00
  0.21014186E+00  0.13647905E+00
  0.21582137E+00  0.14698909E+00
  0.22150088E+00  0.15767688E+00
  0.22718039E+00  0.16853588E+00
  0.23285989E+00  0.17955952E+00
  0.23853940E+00  0.19074124E+00
  0.24421891E+00  0.20207450E+00
  0.24989842E+00  0.21355273E+00
  0.25557793E+00  0.22516940E+00
  0.26125744E+00  0.23691801E+00
  0.26693695E+00  0.24879207E+00
  0.27261646E+00  0.26078513E+00
  0.27829597E+00  0.27289076E+00
  0.28397548E+00  0.28510261E+00
  0.28965499E+00  0.29741434E+00
  0.29533450E+00  0.30981968E+00
  0.30101401E+00  0.32231240E+00
  0.30669352E+00  0.33488634E+00
  0.31237303E+00  0.34753541E+00
  0.31805254E+00  0.36025356E+00
  0.32373205E+00  0.37303484E+00
  0.32941156E+00  0.38587335E+00
  0.33509107E+00  0.39876326E+00
  0.34077058E+00  0.41169885E+00
  0.34645009E+00  0.42467444E+00
  0.35212960E+00  0.43768444E+00
  0.35780911E+00  0.45072338E+00
  0.36348862E+00  0.46378582E+00
  0.36916813E+00  0.47686645E+00
  0.37484764E+00  0.48996002E+00
  0.38052715E+00  0.50306139E+00
  0.38620665E+00  0.51616550E+00
  0.39188616E+00  0.52926739E+00
  0.39756567E+00  0.54236218E+00
  0.40324518E+00  0.55544510E+00
  0.40892469E+00  0.56851146E+00
  0.41460420E+00  0.58155667E+00
  0.42028371E+00  0.59457624E+00
  0.42596322E+00  0.60756578E+00
  0.43164273E+00  0.62052099E+00
  0.43732224E+00  0.63343765E+00
  0.44300175E+00  0.64631168E+00
  0.44868126E+00  0.65913907E+00
  0.45436077E+00  0.67191591E+00
  0.46004028E+00  0.68463840E+00
  0.46571979E+00  0.69730283E+00
  0.47139930E+00  0.70990559E+00
  0.47707881E+00  0.72244317E+00
  0.48275832E+00  0.73491218E+00
  0.48843783E+00  0.74730931E+00
  0.49411734E+00  0.75963135E+00
  0.49979685E+00  0.77187521E+00
  0.50547636E+00  0.78403789E+00
  0.51115587E+00  0.79611648E+00
  0.51683538E+00  0.80810821E+00
  0.52251489E+00  0.82001037E+00
  0.52819440E+00  0.83182037E+00
  0.53387391E+00  0.84353574E+00
  0.53955341E+00  0.85515408E+00
  0.54523292E+00  0.86667311E+00
  0.55091243E+00  0.87809066E+00
  0.55659194E+00  0.88940465E+00
  0.56227145E+00  0.90061310E+00
  0.56795096E+00  0.91171412E+00
  0.57363047E+00  0.92270595E+00
  0.57930998E+00  0.93358690E+00
  0.58498949E+00  0.94435539E+00
  0.59066900E+00  0.95500992E+00
  0.59634851E+00  0.96554911E+00
  0.60202802E+00  0.97597165E+00
  0.60770753E+00  0.98627633E+00
  0.61338704E+00  0.99646203E+00
  0.61906655E+00  0.10065277E+01
  0.62474606E+00  0.10164724E+01
  0.63042557E+00  0.10262952E+01
  0.63610508E+00  0.10359954E+01
  0.64178459E+00  0.10455723E+01
  0.64746410E+00  0.10550251E+01
  0.65314361E+00  0.10643533E+01
  0.65882312E+00  0.10735565E+01
  0.66450263E+00  0.10826341E+01
  0.67018214E+00  0.10915858E+01
  0.67586165E+00  0.11004112E+01
  0.68154116E+00  0.11091102E+01
  0.68722066E+00  0.11176824E+01
  0.69290017E+00  0.11261278E+01
  0.69857968E+00  0.11344462E+01
  0.70425919E+00  0.11426375E+01
  0.70993870E+00  0.11507018E+01
  0.71561821E+00  0.11586390E+01
  0.72129772E+00  0.11664492E+01
  0.72697723E+00  0.11741325E+01
  0.73265674E+00  0.11816891E+01
  0.73833625E+00  0.11891190E+01
  0.74401576E+00  0.11964226E+01
  0.74969527E+00  0.12035999E+01
  0.75537478E+00  0.12106514E+01
  0.76105429E+00  0.12175773E+01
  0.76673380E+00  0.12243780E+01
  0.77241331E+00  0.12310537E+01
  0.77809282E+00  0.12376048E+01
  0.78377233E+00  0.12440319E+01
  0.78945184E+00  0.12503353E+01
  0.79513135E+00  0.12565154E+01
  0.80081086E+00  0.12625729E+01
  0.80649037E+00  0.12685082E+01
  0.81216988E+00  0.12743219E+01
  0.81784939E+00  0.12800146E+01
  0.82352890E+00  0.12855868E+01
  0.82920841E+00  0.12910393E+01
  0.83488792E+00  0.12963726E+01
  0.84056742E+00  0.13015875E+01
  0.84624693E+00  0.13066848E+01
  0.85192644E+00  0.13116651E+01
  0.85760595E+00  0.13165292E+01
  0.86328546E+00  0.13212779E+01
  0.86896497E+00  0.13259120E+01
  0.87464448E+00  0.13304324E+01
  0.88032399E+00  0.13348399E+01
  0.88600350E+00  0.13391353E+01
  0.89168301E+00  0.13433196E+01
  0.89736252E+00  0.13473936E+01
  0.90304203E+00  0.13513582E+01
  0.90872154E+00  0.13552144E+01
  0.91440105E+00  0.13589629E+01
  0.92008056E+00  0.13626048E+01
  0.92576007E+00  0.13661409E+01
  0.93143958E+00  0.13695722E+01
  0.93711909E+00  0.13728994E+01
  0.94279860E+00  0.13761236E+01
  0.94847811E+00  0.13792455E+01
  0.95415762E+00  0.13822659E+01
  0.95983713E+00  0.13851858E+01
  0.96551664E+00  0.13880058E+01
  0.97119615E+00  0.13907269E+01
  0.97687566E+00  0.13933496E+01
  0.98255517E+00  0.13958748E+01
  0.98823468E+00  0.13983031E+01
  0.99391418E+00  0.14006352E+01
  0.99959369E+00  0.14028716E+01
  0.10052732E+01  0.14050131E+01
  0.10109527E+01  0.14070601E+01
  0.10166322E+01  0.14090131E+01
  0.10223117E+01  0.14108726E+01
  0.10279912E+01  0.14126391E+01
  0.10336708E+01  0.14143130E+01
  0.10393503E+01  0.14158947E+01
  0.10450298E+01  0.14173844E+01
  0.10507093E+01  0.14187826E+01
  0.10563888E+01  0.14200895E+01
  0.10620683E+01  0.14213053E+01
  0.10677478E+01  0.14224303E+01
  0.10734273E+01  0.14234646E+01
  0.10791068E+01  0.14244085E+01
  0.10847863E+01  0.14252621E+01
  0.10904658E+01  0.14260256E+01
  0.10961454E+01  0.14266989E+01
  0.11018249E+01  0.14272824E+01
  0.11075044E+01  0.14277759E+01
  0.11131839E+01  0.14281796E+01
  0.11188634E+01  0.14284936E+01
  0.11245429E+01  0.14287178E+01
  0.11302224E+01  0.14288523E+01
  0.11359185E+01  0.14288971E+01
  0.11416146E+01  0.14285203E+01
  0.11473107E+01  0.14273909E+01
  0.11530068E+01  0.14255130E+01
  0.11587029E+01  0.14228930E+01
  0.11643990E+01  0.14195401E+01
  0.11700951E+01  0.14154662E+01
  0.11757912E+01  0.14106858E+01
  0.11814872E+01  0.14052163E+01
  0.11871833E+01  0.13990780E+01
  0.11928794E+01  0.13922945E+01
  0.11985755E+01  0.13848925E+01
  0.12042716E+01  0.13769030E+01
  0.12099677E+01  0.13683611E+01
  0.12156638E+01  0.13593072E+01
  0.12213599E+01  0.13497885E+01
  0.12270560E+01  0.13398602E+01
  0.12327521E+01  0.13295884E+01
  0.12384482E+01  0.13190540E+01
  0.12441443E+01  0.13083575E+01
  0.12498404E+01  0.12976270E+01
  0.12555364E+01  0.12870283E+01
  0.12612325E+01  0.12767785E+01
  0.12669286E+01  0.12671596E+01
  0.12726247E+01  0.12585271E+01
  0.12783208E+01  0.12512959E+01
  0.12840169E+01  0.12458854E+01
  0.12897130E+01  0.12426181E+01
  0.12954091E+01  0.12416171E+01
  0.13011052E+01  0.12427776E+01
  0.13068013E+01  0.12458336E+01
  0.13124974E+01  0.12504611E+01
  0.13181935E+01  0.12563553E+01
  0.13238896E+01  0.12632637E+01
  0.13295856E+01  0.12709893E+01
  0.13352817E+01  0.12793832E+01
  0.13409778E+01  0.12883327E+01
  0.13466739E+01  0.12977524E+01
  0.13523700E+01  0.13075760E+01
  0.13580661E+01  0.13177518E+01
  0.13637622E+01  0.13282379E+01
  0.13694583E+01  0.13389999E+01
  0.13751544E+01  0.13500088E+01
  0.13808505E+01  0.13612397E+01
  0.13865466E+01  0.13726707E+01
  0.13922427E+01  0.13842821E+01
  0.13979387E+01  0.13960561E+01
  0.14036348E+01  0.14079760E+01
  0.14093309E+01  0.14200263E+01
  0.14150270E+01  0.14321922E+01
  0.14207231E+01  0.14444597E+01
  0.14264192E+01  0.14568151E+01
  0.14321153E+01  0.14692452E+01
  0.14378114E+01  0.14817372E+01
  0.14435075E+01  0.14942786E+01
  0.14492036E+01  0.15068571E+01
  0.14548997E+01  0.15194605E+01
  0.14605958E+01  0.15320770E+01
  0.14662919E+01  0.15446949E+01
  0.14719879E+01  0.15573027E+01
  0.14776840E+01  0.15698892E+01
  0.14833801E+01  0.15824431E+01
  0.14890762E+01  0.15949535E+01
  0.14947723E+01  0.16074095E+01
  0.15004684E+01  0.16198007E+01
  0.15061645E+01  0.16321164E+01
  0.15118606E+01  0.16443466E+01
  0.15175567E+01  0.16564811E+01
  0.15232528E+01  0.16685101E+01
  0.15289489E+01  0.16804239E+01
  0.15346450E+01  0.16922130E+01
  0.15403411E+01  0.17038682E+01
  0.15460371E+01  0.17153804E+01
  0.15517332E+01  0.17267408E+01
  0.15574293E+01  0.17379406E+01
  0.15631254E+01  0.17489714E+01
  0.15688215E+01  0.17598250E+01
  0.15745176E+01  0.17704933E+01
  0.15802137E+01  0.17809684E+01
  0.15859098E+01  0.17912428E+01
  0.15916059E+01  0.18013090E+01
  0.15973020E+01  0.18111597E+01
  0.16029981E+01  0.18207881E+01
  0.16086942E+01  0.18301872E+01
  0.16143903E+01  0.18393505E+01
  0.16200863E+01  0.18482717E+01
  0.16257824E+01  0.18569446E+01
  0.16314785E+01  0.18653634E+01
  0.16371746E+01  0.18735225E+01
  0.16428707E+01  0.18814165E+01
  0.16485668E+01  0.18890402E+01
  0.16542629E+01  0.18963888E+01
  0.16599590E+01  0.19034577E+01
  0.16656551E+01  0.19102427E+01
  0.16713512E+01  0.19167398E+01
  0.16770473E+01  0.19229454E+01
  0.16827434E+01  0.19288561E+01
  0.16884394E+01  0.19344689E+01
  0.16941355E+01  0.19397811E+01
  0.16998316E+01  0.19447905E+01
  0.17055277E+01  0.19494952E+01
  0.17112238E+01  0.19538937E+01
  0.17169199E+01  0.19579846E+01
  0.17226160E+01  0.19617673E+01
  0.17283121E+01  0.19652414E+01
  0.17340082E+01  0.19684069E+01
  0.17397043E+01  0.19712642E+01
  0.17454004E+01  0.19738141E+01
  0.17510965E+01  0.19760578E+01
  0.17567926E+01  0.19779969E+01
  0.17624886E+01  0.19796333E+01
  0.17681847E+01  0.19809695E+01
  0.17738808E+01  0.19820082E+01
  0.17795769E+01  0.19827524E+01
  0.17852488E+01  0.19832056E+01
  0.17909207E+01  0.19824366E+01
  0.17965926E+01  0.19814032E+01
  0.18022645E+01  0.19801106E+01
  0.18079364E+01  0.19785642E+01
  0.18136083E+01  0.19767697E+01
  0.18192802E+01  0.19747330E+01
  0.18249521E+01  0.19724600E+01
  0.18306240E+01  0.19699571E+01
  0.18362959E+01  0.19672306E+01
  0.18419678E+01  0.19642869E+01
  0.18476397E+01  0.19611328E+01
  0.18533116E+01  0.19577749E+01
  0.18589835E+01  0.19542201E+01
  0.18646554E+01  0.19504753E+01
  0.18703273E+01  0.19465475E+01
  0.18759992E+01  0.19424439E+01
  0.18816711E+01  0.19381716E+01
  0.18873430E+01  0.19337377E+01
  0.18930149E+01  0.19291497E+01
  0.18986868E+01  0.19244148E+01
  0.19043587E+01  0.19195404E+01
  0.19100306E+01  0.19145341E+01
  0.19157025E+01  0.19094031E+01
  0.19213744E+01  0.19041551E+01
  0.19270463E+01  0.18987975E+01
  0.19327182E+01  0.18933380E+01
  0.19383901E+01  0.18877840E+01
  0.19440620E+01  0.18821432E+01
  0.19497339E+01  0.18764232E+01
  0.19554058E+01  0.18706314E+01
  0.19610777E+01  0.18647754E+01
  0.19667496E+01  0.18588627E+01
  0.19724215E+01  0.18529006E+01
  0.19780934E+01  0.18468965E+01
  0.19837653E+01  0.18408575E+01
  0.19894372E+01  0.18347907E+01
  0.19951091E+01  0.18287031E+01
  0.20007810E+01  0.18226013E+01
  0.20064529E+01  0.18164919E+01
  0.20121248E+01  0.18103811E+01
  0.20177967E+01  0.18042749E+01
  0.20234686E+01  0.17981790E+01
  0.20291405E+01  0.17920987E+01
  0.20348124E+01  0.17860390E+01
  0.20404843E+01  0.17800045E+01
  0.20461562E+01  0.17739993E+01
  0.20518281E+01  0.17680271E+01
  0.20575000E+01  0.17620911E+01
  0.20631719E+01  0.17561940E+01
  0.20688438E+01  0.17503380E+01
  0.20745157E+01  0.17445247E+01
  0.20801876E+01  0.17387553E+01
  0.20858595E+01  0.17330302E+01
  0.20915314E+01  0.17273495E+01
  0.20972032E+01  0.17217125E+01
  0.21028751E+01  0.17161180E+01
  0.21085470E+01  0.17105644E+01
  0.21142189E+01  0.17050494E+01
  0.21198908E+01  0.16995702E+01
  0.21255627E+01  0.16941235E+01
  0.21312346E+01  0.16887055E+01
  0.21369065E+01  0.16833120E+01
  0.21425784E+01  0.16779383E+01
  0.21482503E+01  0.16725793E+01
  0.21539222E+01  0.16672297E+01
  0.21595941E+01  0.16618835E+01
  0.21652660E+01  0.16565349E+01
  0.21709379E+01  0.16511774E+01
  0.21766098E+01  0.16458045E+01
  0.21822817E+01  0.16404096E+01
  0.21879536E+01  0.16349858E+01
  0.21936255E+01  0.16295261E+01
  0.21992974E+01  0.16240234E+01
  0.22049693E+01  0.16184706E+01
  0.22106412E+01  0.16128607E+01
  0.22163131E+01  0.16071866E+01
  0.22219850E+01  0.16014411E+01
  0.22276569E+01  0.15956174E+01
  0.22333288E+01  0.15897084E+01
  0.22390007E+01  0.15837074E+01
  0.22446726E+01  0.15776077E+01
  0.22503445E+01  0.15714028E+01
  0.22560164E+01  0.15650862E+01
  0.22616883E+01  0.15586519E+01
  0.22673602E+01  0.15520936E+01
  0.22730321E+01  0.15454057E+01
  0.22787040E+01  0.15385823E+01
  0.22843759E+01  0.15316181E+01
  0.22900478E+01  0.15245078E+01
  0.22957197E+01  0.15172464E+01
  0.23013916E+01  0.15098290E+01
  0.23070635E+01  0.15022511E+01
  0.23127354E+01  0.14945082E+01
  0.23184073E+01  0.14865963E+01
  0.23240792E+01  0.14785113E+01
  0.23297511E+01  0.14702498E+01
  0.23354230E+01  0.14618082E+01
  0.23410949E+01  0.14531833E+01
  0.23467668E+01  0.14443722E+01
  0.23524387E+01  0.14353723E+01
  0.23581106E+01  0.14261811E+01
  0.23637825E+01  0.14167965E+01
  0.23694544E+01  0.14072166E+01
  0.23751263E+01  0.13974397E+01
  0.23807982E+01  0.13874645E+01
  0.23864701E+01  0.13772900E+01
  0.23921420E+01  0.13669153E+01
  0.23978139E+01  0.13563400E+01
  0.24034858E+01  0.13455638E+01
  0.24091577E+01  0.13345868E+01
  0.24148266E+01  0.13234093E+01
  0.24204955E+01  0.13120381E+01
  0.24261644E+01  0.13004682E+01
  0.24318333E+01  0.12887007E+01
  0.24375021E+01  0.12767372E+01
  0.24431710E+01  0.12645794E+01
  0.24488399E+01  0.12522294E+01
  0.24545088E+01  0.12396894E+01
  0.24601777E+01  0.12269620E+01
  0.24658466E+01  0.12140500E+01
  0.24715155E+01  0.12009564E+01
  0.24771844E+01  0.11876846E+01
  0.24828533E+01  0.11742380E+01
  0.24885222E+01  0.11606204E+01
  0.24941911E+01  0.11468358E+01
  0.24998600E+01  0.11328882E+01
  0.25055289E+01  0.11187822E+01
  0.25111978E+01  0.11045221E+01
  0.25168667E+01  0.10901126E+01
  0.25225356E+01  0.10755587E+01
  0.25282045E+01  0.10608654E+01
  0.25338734E+01  0.10460378E+01
  0.25395422E+01  0.10310811E+01
  0.25452111E+01  0.10160009E+01
  0.25508800E+01  0.10008026E+01
  0.25565489E+01  0.98549191E+00
  0.25622178E+01  0.97007450E+00
  0.25678867E+01  0.95455623E+00
  0.25735556E+01  0.93894300E+00
  0.25792245E+01  0.92324082E+00
  0.25848934E+01  0.90745574E+00
  0.25905623E+01  0.89159392E+00
  0.25962312E+01  0.87566154E+00
  0.26019001E+01  0.85966486E+00
  0.26075690E+01  0.84361022E+00
  0.26132379E+01  0.82750397E+00
  0.26189068E+01  0.81135254E+00
  0.26245757E+01  0.79516239E+00
  0.26302446E+01  0.77894004E+00
  0.26359135E+01  0.76269203E+00
  0.26415824E+01  0.74642496E+00
  0.26472512E+01  0.73014544E+00
  0.26529201E+01  0.71386013E+00
  0.26585890E+01  0.69757572E+00
  0.26642579E+01  0.68129892E+00
  0.26699268E+01  0.66503646E+00
  0.26755957E+01  0.64879510E+00
  0.26812646E+01  0.63258159E+00
  0.26869335E+01  0.61640274E+00
  0.26926024E+01  0.60026532E+00
  0.26982713E+01  0.58417613E+00
  0.27039402E+01  0.56814196E+00
  0.27096091E+01  0.55216961E+00
  0.27152780E+01  0.53626585E+00
  0.27209469E+01  0.52043745E+00
  0.27266158E+01  0.50469116E+00
  0.27322847E+01  0.48903369E+00
  0.27379536E+01  0.47347175E+00
  0.27436225E+01  0.45801199E+00
  0.27492913E+01  0.44266104E+00
  0.27549602E+01  0.42742549E+00
  0.27606291E+01  0.41231185E+00
  0.27662980E+01  0.39732663E+00
  0.27719669E+01  0.38247624E+00
  0.27776358E+01  0.36776705E+00
  0.27833047E+01  0.35320537E+00
  0.27889736E+01  0.33879745E+00
  0.27946425E+01  0.32454944E+00
  0.28003114E+01  0.31046744E+00
  0.28059803E+01  0.29655749E+00
  0.28116492E+01  0.28282552E+00
  0.28173181E+01  0.26927740E+00
  0.28229870E+01  0.25591891E+00
  0.28286559E+01  0.24275576E+00
  0.28343248E+01  0.22979356E+00
  0.28399937E+01  0.21703784E+00
  0.28456626E+01  0.20449403E+00
  0.28513314E+01  0.19216748E+00
  0.28570003E+01  0.18006346E+00
  0.28626692E+01  0.16818712E+00
  0.28683381E+01  0.15654354E+00
  0.28740070E+01  0.14513768E+00
  0.28796759E+01  0.13397443E+00
  0.28853448E+01  0.12305856E+00
  0.28910137E+01  0.11239474E+00
  0.28966826E+01  0.10198755E+00
  0.29023515E+01  0.91841450E-01
  0.29080204E+01  0.81960797E-01
  0.29136893E+01  0.72349843E-01
  0.29193582E+01  0.65798314E-01
  0.29250271E+01  0.71541861E-01
  0.29306960E+01  0.77102600E-01
  0.29363649E+01  0.82478391E-01
  0.29420338E+01  0.87667248E-01
  0.29477027E+01  0.92667327E-01
  0.29533715E+01  0.97476901E-01
  0.29590404E+01  0.10209435E+00
  0.29647093E+01  0.10651814E+00
  0.29703782E+01  0.11074683E+00
  0.29760471E+01  0.11477903E+00
  0.29817160E+01  0.11861341E+00
  0.29873849E+01  0.12224872E+00
  0.29930538E+01  0.12568371E+00
  0.29987227E+01  0.12891722E+00
  0.30043916E+01  0.13194812E+00
  0.30100605E+01  0.13477530E+00
  0.30157294E+01  0.13739774E+00
  0.30213983E+01  0.13981442E+00
  0.30270672E+01  0.14202440E+00
  0.30327361E+01  0.14402680E+00
  0.30384050E+01  0.14582079E+00
  0.30440739E+01  0.14740561E+00
  0.30497428E+01  0.14878057E+00
  0.30554116E+01  0.14994506E+00
  0.30610805E+01  0.15089857E+00
  0.30667494E+01  0.15164064E+00
  0.30724183E+01  0.15217094E+00
  0.30780872E+01  0.15248922E+00
  0.30835569E+01  0.15260678E+00
  0.30890265E+01  0.15260678E+00
  0.30944962E+01  0.15260678E+00
  0.30999658E+01  0.15260678E+00
  0.31054354E+01  0.15260678E+00
  0.31109051E+01  0.15260678E+00
  0.31163747E+01  0.15260678E+00
  0.31218444E+01  0.15260678E+00
  0.31273140E+01  0.15260678E+00
  0.31327836E+01  0.15260678E+00
  0.31382533E+01  0.15260678E+00
  0.31437229E+01  0.15260678E+00
  0.31491926E+01  0.15260678E+00
  0.31546622E+01  0.15260678E+00
  0.31601319E+01  0.15260678E+00
  0.31656015E+01  0.15260678E+00
  0.31710711E+01  0.15260678E+00
  0.31765408E+01  0.15260678E+00
  0.31822203E+01  0.15260678E+00
  
