 &plot nbnd=  17, nks=   126 /
            0.000000  0.000000  0.000000
 -63.740 -37.864 -37.661 -37.661 -16.875 -15.587  -8.407  -5.428  -5.428  -4.567
  -4.324  -4.324  -2.823  -0.075  -0.075   0.153   0.153
            0.012500  0.007217  0.000000
 -63.740 -37.864 -37.662 -37.661 -16.873 -15.586  -8.405  -5.433  -5.425  -4.594
  -4.328  -4.300  -2.824  -0.079  -0.070   0.145   0.150
            0.025000  0.014434  0.000000
 -63.740 -37.864 -37.663 -37.661 -16.866 -15.583  -8.397  -5.449  -5.418  -4.656
  -4.340  -4.248  -2.827  -0.091  -0.058   0.124   0.142
            0.037500  0.021651  0.000000
 -63.740 -37.863 -37.666 -37.662 -16.855 -15.578  -8.383  -5.476  -5.406  -4.734
  -4.359  -4.187  -2.833  -0.109  -0.037   0.089   0.129
            0.050000  0.028868  0.000000
 -63.739 -37.862 -37.670 -37.663 -16.839 -15.572  -8.365  -5.513  -5.389  -4.819
  -4.385  -4.126  -2.841  -0.134  -0.009   0.044   0.110
            0.062500  0.036084  0.000000
 -63.739 -37.861 -37.675 -37.664 -16.818 -15.563  -8.341  -5.559  -5.367  -4.907
  -4.418  -4.070  -2.852  -0.162  -0.012   0.027   0.088
            0.075000  0.043301  0.000000
 -63.738 -37.860 -37.681 -37.666 -16.793 -15.553  -8.313  -5.613  -5.341  -4.998
  -4.457  -4.018  -2.866  -0.192  -0.074   0.061   0.068
            0.087500  0.050518  0.000000
 -63.737 -37.859 -37.688 -37.667 -16.764 -15.541  -8.280  -5.675  -5.311  -5.091
  -4.501  -3.974  -2.883  -0.221  -0.140   0.030   0.116
            0.100000  0.057735  0.000000
 -63.737 -37.857 -37.696 -37.669 -16.731 -15.527  -8.243  -5.744  -5.276  -5.186
  -4.550  -3.938  -2.906  -0.247  -0.210  -0.005   0.169
            0.112500  0.064952  0.000000
 -63.736 -37.855 -37.705 -37.671 -16.694 -15.511  -8.202  -5.819  -5.281  -5.237
  -4.604  -3.911  -2.932  -0.279  -0.269  -0.042   0.225
            0.125000  0.072169  0.000000
 -63.735 -37.854 -37.715 -37.673 -16.652 -15.494  -8.158  -5.897  -5.378  -5.194
  -4.660  -3.893  -2.965  -0.346  -0.284  -0.081   0.285
            0.137500  0.079386  0.000000
 -63.734 -37.851 -37.725 -37.676 -16.607 -15.475  -8.112  -5.979  -5.474  -5.147
  -4.720  -3.884  -3.002  -0.410  -0.291  -0.122   0.348
            0.150000  0.086603  0.000000
 -63.733 -37.849 -37.737 -37.678 -16.558 -15.455  -8.064  -6.064  -5.572  -5.097
  -4.782  -3.886  -3.046  -0.468  -0.289  -0.164   0.412
            0.162500  0.093819  0.000000
 -63.732 -37.847 -37.749 -37.681 -16.506 -15.433  -8.015  -6.148  -5.670  -5.044
  -4.846  -3.896  -3.095  -0.520  -0.277  -0.207   0.477
            0.175000  0.101036  0.000000
 -63.730 -37.844 -37.761 -37.684 -16.451 -15.410  -7.966  -6.233  -5.768  -4.987
  -4.910  -3.914  -3.150  -0.564  -0.256  -0.251   0.542
            0.187500  0.108253  0.000000
 -63.729 -37.842 -37.774 -37.687 -16.392 -15.386  -7.920  -6.315  -5.867  -4.976
  -4.929  -3.940  -3.210  -0.601  -0.293  -0.225   0.608
            0.200000  0.115470  0.000000
 -63.728 -37.839 -37.787 -37.690 -16.331 -15.361  -7.877  -6.393  -5.965  -5.041
  -4.868  -3.973  -3.273  -0.628  -0.335  -0.184   0.672
            0.212500  0.122687  0.000000
 -63.726 -37.836 -37.801 -37.693 -16.268 -15.334  -7.840  -6.465  -6.064  -5.106
  -4.805  -4.011  -3.340  -0.648  -0.376  -0.136   0.735
            0.225000  0.129904  0.000000
 -63.725 -37.834 -37.815 -37.696 -16.202 -15.307  -7.810  -6.530  -6.162  -5.170
  -4.741  -4.053  -3.407  -0.659  -0.415  -0.080   0.796
            0.237500  0.137121  0.000000
 -63.724 -37.831 -37.829 -37.700 -16.134 -15.279  -7.790  -6.586  -6.260  -5.234
  -4.675  -4.098  -3.473  -0.662  -0.451  -0.018   0.855
            0.250000  0.144338  0.000000
 -63.722 -37.843 -37.828 -37.703 -16.065 -15.251  -7.782  -6.631  -6.358  -5.296
  -4.610  -4.144  -3.538  -0.659  -0.486   0.049   0.912
            0.262500  0.151554  0.000000
 -63.721 -37.857 -37.825 -37.706 -15.994 -15.222  -7.788  -6.665  -6.454  -5.356
  -4.544  -4.192  -3.598  -0.649  -0.517   0.120   0.966
            0.275000  0.158771  0.000000
 -63.719 -37.870 -37.822 -37.709 -15.923 -15.193  -7.807  -6.689  -6.549  -5.415
  -4.479  -4.239  -3.651  -0.633  -0.546   0.193   1.016
            0.287500  0.165988  0.000000
 -63.718 -37.884 -37.820 -37.712 -15.851 -15.163  -7.838  -6.704  -6.643  -5.471
  -4.414  -4.285  -3.698  -0.612  -0.571   0.269   1.064
            0.300000  0.173205  0.000000
 -63.717 -37.898 -37.817 -37.716 -15.779 -15.134  -7.879  -6.734  -6.712  -5.526
  -4.351  -4.330  -3.735  -0.592  -0.586   0.345   1.109
            0.312500  0.180422  0.000000
 -63.715 -37.911 -37.814 -37.719 -15.708 -15.105  -7.928  -6.823  -6.717  -5.577
  -4.374  -4.290  -3.761  -0.611  -0.557   0.420   1.151
            0.325000  0.187639  0.000000
 -63.714 -37.923 -37.812 -37.722 -15.637 -15.077  -7.983  -6.909  -6.721  -5.626
  -4.414  -4.231  -3.777  -0.625  -0.525   0.494   1.189
            0.337500  0.194856  0.000000
 -63.713 -37.935 -37.809 -37.724 -15.568 -15.049  -8.042  -6.992  -6.726  -5.673
  -4.453  -4.175  -3.782  -0.636  -0.491   0.566   1.224
            0.350000  0.202073  0.000000
 -63.712 -37.947 -37.807 -37.727 -15.501 -15.023  -8.102  -7.070  -6.733  -5.716
  -4.488  -4.121  -3.776  -0.644  -0.454   0.634   1.256
            0.362500  0.209289  0.000000
 -63.711 -37.958 -37.804 -37.730 -15.436 -14.997  -8.162  -7.145  -6.742  -5.756
  -4.521  -4.072  -3.761  -0.649  -0.417   0.699   1.286
            0.375000  0.216506  0.000000
 -63.710 -37.968 -37.802 -37.732 -15.374 -14.973  -8.220  -7.215  -6.754  -5.793
  -4.551  -4.026  -3.737  -0.651  -0.378   0.759   1.312
            0.387500  0.223723  0.000000
 -63.709 -37.977 -37.800 -37.734 -15.316 -14.950  -8.277  -7.280  -6.769  -5.827
  -4.577  -3.984  -3.706  -0.651  -0.339   0.814   1.335
            0.400000  0.230940  0.000000
 -63.708 -37.986 -37.799 -37.736 -15.262 -14.929  -8.330  -7.339  -6.785  -5.857
  -4.601  -3.946  -3.670  -0.648  -0.301   0.863   1.355
            0.412500  0.238157  0.000000
 -63.707 -37.993 -37.797 -37.738 -15.213 -14.910  -8.379  -7.392  -6.802  -5.884
  -4.622  -3.912  -3.632  -0.645  -0.264   0.907   1.373
            0.425000  0.245374  0.000000
 -63.706 -38.000 -37.796 -37.740 -15.169 -14.893  -8.423  -7.439  -6.818  -5.908
  -4.640  -3.883  -3.594  -0.640  -0.229   0.945   1.388
            0.437500  0.252591  0.000000
 -63.706 -38.006 -37.794 -37.741 -15.131 -14.878  -8.461  -7.479  -6.834  -5.928
  -4.655  -3.858  -3.557  -0.635  -0.197   0.977   1.401
            0.450000  0.259808  0.000000
 -63.705 -38.011 -37.793 -37.742 -15.099 -14.866  -8.493  -7.512  -6.848  -5.944
  -4.667  -3.838  -3.524  -0.630  -0.169   1.003   1.411
            0.462500  0.267024  0.000000
 -63.705 -38.014 -37.793 -37.743 -15.074 -14.857  -8.519  -7.539  -6.860  -5.957
  -4.677  -3.823  -3.496  -0.626  -0.146   1.023   1.419
            0.475000  0.274241  0.000000
 -63.704 -38.017 -37.792 -37.743 -15.055 -14.850  -8.538  -7.557  -6.869  -5.966
  -4.683  -3.811  -3.476  -0.622  -0.129   1.037   1.424
            0.487500  0.281458  0.000000
 -63.704 -38.019 -37.792 -37.744 -15.044 -14.845  -8.549  -7.569  -6.874  -5.972
  -4.687  -3.805  -3.463  -0.620  -0.118   1.046   1.428
            0.500000  0.288675  0.000000
 -63.704 -38.019 -37.792 -37.744 -15.041 -14.844  -8.553  -7.572  -6.876  -5.974
  -4.689  -3.802  -3.458  -0.619  -0.114   1.049   1.429
            0.491500  0.302820  0.000000
 -63.704 -38.019 -37.792 -37.745 -15.039 -14.843  -8.549  -7.576  -6.874  -5.975
  -4.688  -3.833  -3.442  -0.618  -0.113   1.054   1.417
            0.483000  0.316965  0.000000
 -63.704 -38.018 -37.791 -37.746 -15.035 -14.841  -8.537  -7.585  -6.870  -5.977
  -4.685  -3.912  -3.403  -0.613  -0.109   1.069   1.382
            0.474500  0.331110  0.000000
 -63.704 -38.016 -37.791 -37.749 -15.029 -14.837  -8.517  -7.601  -6.864  -5.979
  -4.682  -4.021  -3.360  -0.608  -0.101   1.092   1.329
            0.466000  0.345255  0.000000
 -63.704 -38.014 -37.791 -37.754 -15.020 -14.831  -8.489  -7.623  -6.854  -5.982
  -4.679  -4.150  -3.320  -0.604  -0.087   1.114   1.269
            0.457500  0.359401  0.000000
 -63.704 -38.012 -37.791 -37.759 -15.009 -14.824  -8.453  -7.650  -6.843  -5.984
  -4.676  -4.295  -3.284  -0.604  -0.067   1.101   1.242
            0.449000  0.373546  0.000000
 -63.703 -38.009 -37.790 -37.765 -14.995 -14.816  -8.411  -7.683  -6.829  -5.983
  -4.675  -4.453  -3.252  -0.610  -0.037   1.030   1.273
            0.440500  0.387691  0.000000
 -63.703 -38.005 -37.790 -37.773 -14.980 -14.806  -8.360  -7.721  -6.814  -5.979
  -4.677  -4.620  -3.223  -0.625   0.001   0.938   1.327
            0.432000  0.401836  0.000000
 -63.703 -38.001 -37.789 -37.781 -14.964 -14.796  -8.303  -7.762  -6.798  -5.972
  -4.794  -4.682  -3.195  -0.649   0.048   0.841   1.391
            0.423500  0.415981  0.000000
 -63.703 -37.996 -37.790 -37.788 -14.945 -14.784  -8.240  -7.807  -6.781  -5.960
  -4.973  -4.692  -3.168  -0.682   0.103   0.746   1.461
            0.415000  0.430126  0.000000
 -63.702 -37.991 -37.799 -37.788 -14.926 -14.773  -8.170  -7.854  -6.763  -5.944
  -5.155  -4.706  -3.140  -0.723   0.164   0.656   1.532
            0.406500  0.444271  0.000000
 -63.702 -37.985 -37.809 -37.787 -14.907 -14.761  -8.094  -7.902  -6.746  -5.923
  -5.338  -4.725  -3.110  -0.770   0.229   0.571   1.604
            0.398000  0.458416  0.000000
 -63.702 -37.979 -37.820 -37.786 -14.887 -14.748  -8.013  -7.949  -6.730  -5.898
  -5.519  -4.750  -3.078  -0.823   0.296   0.495   1.673
            0.389500  0.472561  0.000000
 -63.701 -37.972 -37.830 -37.786 -14.867 -14.737  -7.994  -7.928  -6.716  -5.870
  -5.696  -4.778  -3.043  -0.879   0.363   0.428   1.739
            0.381000  0.486706  0.000000
 -63.701 -37.966 -37.841 -37.785 -14.849 -14.726  -8.037  -7.839  -6.706  -5.865
  -5.839  -4.811  -3.005  -0.937   0.371   0.429   1.800
            0.372500  0.500851  0.000000
 -63.701 -37.959 -37.852 -37.784 -14.831 -14.715  -8.077  -7.747  -6.702  -6.021
  -5.806  -4.846  -2.967  -0.995   0.324   0.491   1.853
            0.364000  0.514996  0.000000
 -63.700 -37.952 -37.862 -37.784 -14.816 -14.706  -8.111  -7.655  -6.709  -6.158
  -5.773  -4.882  -2.929  -1.050   0.286   0.548   1.898
            0.355500  0.529142  0.000000
 -63.700 -37.945 -37.872 -37.783 -14.802 -14.699  -8.139  -7.564  -6.733  -6.267
  -5.742  -4.916  -2.894  -1.099   0.258   0.596   1.934
            0.347000  0.543287  0.000000
 -63.700 -37.939 -37.880 -37.783 -14.792 -14.693  -8.161  -7.481  -6.775  -6.339
  -5.715  -4.946  -2.864  -1.139   0.239   0.635   1.960
            0.338500  0.557432  0.000000
 -63.700 -37.934 -37.886 -37.783 -14.785 -14.689  -8.175  -7.415  -6.825  -6.375
  -5.696  -4.967  -2.843  -1.166   0.228   0.661   1.977
            0.330000  0.571577  0.000000
 -63.700 -37.932 -37.889 -37.783 -14.782 -14.687  -8.181  -7.383  -6.854  -6.387
  -5.687  -4.977  -2.834  -1.178   0.223   0.672   1.983
            0.322000  0.557720  0.000000
 -63.700 -37.934 -37.886 -37.783 -14.786 -14.689  -8.173  -7.421  -6.815  -6.377
  -5.698  -4.964  -2.846  -1.162   0.228   0.657   1.976
            0.314000  0.543864  0.000000
 -63.700 -37.938 -37.880 -37.783 -14.795 -14.694  -8.157  -7.485  -6.749  -6.357
  -5.721  -4.937  -2.873  -1.131   0.235   0.625   1.961
            0.306000  0.530008  0.000000
 -63.700 -37.943 -37.873 -37.784 -14.809 -14.701  -8.131  -7.558  -6.672  -6.327
  -5.753  -4.898  -2.912  -1.085   0.245   0.577   1.939
            0.298000  0.516151  0.000000
 -63.701 -37.947 -37.865 -37.784 -14.829 -14.711  -8.096  -7.630  -6.599  -6.283
  -5.791  -4.850  -2.961  -1.029   0.256   0.513   1.913
            0.290000  0.502295  0.000000
 -63.701 -37.951 -37.856 -37.785 -14.854 -14.724  -8.052  -7.698  -6.539  -6.220
  -5.833  -4.794  -3.018  -0.965   0.265   0.436   1.883
            0.282000  0.488438  0.000000
 -63.701 -37.953 -37.848 -37.786 -14.886 -14.739  -7.999  -7.757  -6.495  -6.139
  -5.877  -4.733  -3.080  -0.898   0.273   0.347   1.851
            0.274000  0.474582  0.000000
 -63.702 -37.955 -37.839 -37.787 -14.923 -14.756  -7.937  -7.808  -6.466  -6.043
  -5.920  -4.668  -3.144  -0.832   0.250   0.277   1.817
            0.266000  0.460726  0.000000
 -63.703 -37.956 -37.830 -37.788 -14.966 -14.776  -7.866  -7.848  -6.448  -5.961
  -5.937  -4.601  -3.209  -0.769   0.149   0.275   1.784
            0.258000  0.446869  0.000000
 -63.703 -37.955 -37.821 -37.790 -15.014 -14.799  -7.878  -7.786  -6.439  -5.999
  -5.827  -4.533  -3.272  -0.715   0.048   0.268   1.751
            0.250000  0.433013  0.000000
 -63.704 -37.953 -37.812 -37.792 -15.068 -14.823  -7.898  -7.698  -6.436  -6.034
  -5.714  -4.465  -3.332  -0.673  -0.049   0.254   1.719
            0.242000  0.419156  0.000000
 -63.705 -37.950 -37.804 -37.794 -15.127 -14.849  -7.908  -7.602  -6.440  -6.063
  -5.601  -4.396  -3.388  -0.648  -0.135   0.233   1.689
            0.234000  0.405300  0.000000
 -63.706 -37.946 -37.796 -37.795 -15.191 -14.878  -7.908  -7.499  -6.451  -6.087
  -5.489  -4.329  -3.439  -0.645  -0.204   0.206   1.659
            0.226000  0.391443  0.000000
 -63.707 -37.941 -37.798 -37.786 -15.258 -14.907  -7.900  -7.389  -6.467  -6.105
  -5.379  -4.264  -3.484  -0.664  -0.252   0.172   1.629
            0.218000  0.377587  0.000000
 -63.709 -37.935 -37.800 -37.778 -15.330 -14.938  -7.884  -7.273  -6.488  -6.116
  -5.272  -4.200  -3.524  -0.703  -0.283   0.132   1.597
            0.210000  0.363731  0.000000
 -63.710 -37.927 -37.803 -37.770 -15.404 -14.970  -7.861  -7.152  -6.514  -6.120
  -5.170  -4.140  -3.558  -0.750  -0.302   0.089   1.563
            0.202000  0.349874  0.000000
 -63.711 -37.919 -37.806 -37.762 -15.481 -15.003  -7.834  -7.026  -6.543  -6.117
  -5.074  -4.082  -3.586  -0.797  -0.316   0.042   1.526
            0.194000  0.336018  0.000000
 -63.713 -37.909 -37.809 -37.755 -15.560 -15.037  -7.804  -6.897  -6.573  -6.105
  -4.986  -4.029  -3.607  -0.837  -0.329  -0.007   1.484
            0.186000  0.322161  0.000000
 -63.714 -37.899 -37.811 -37.747 -15.641 -15.071  -7.773  -6.766  -6.601  -6.083
  -4.910  -3.979  -3.619  -0.868  -0.342  -0.057   1.436
            0.178000  0.308305  0.000000
 -63.716 -37.887 -37.815 -37.740 -15.722 -15.105  -7.744  -6.636  -6.626  -6.051
  -4.847  -3.933  -3.622  -0.886  -0.355  -0.107   1.383
            0.170000  0.294449  0.000000
 -63.717 -37.875 -37.818 -37.733 -15.804 -15.140  -7.721  -6.642  -6.508  -6.007
  -4.800  -3.893  -3.612  -0.891  -0.368  -0.155   1.323
            0.161500  0.279726  0.000000
 -63.719 -37.862 -37.821 -37.726 -15.891 -15.176  -7.707  -6.646  -6.379  -5.943
  -4.771  -3.854  -3.588  -0.884  -0.380  -0.203   1.253
            0.153000  0.265004  0.000000
 -63.720 -37.848 -37.824 -37.720 -15.976 -15.212  -7.706  -6.634  -6.260  -5.861
  -4.763  -3.822  -3.548  -0.865  -0.387  -0.247   1.177
            0.144500  0.250281  0.000000
 -63.722 -37.834 -37.828 -37.713 -16.061 -15.247  -7.720  -6.604  -6.154  -5.759
  -4.774  -3.796  -3.495  -0.835  -0.389  -0.287   1.094
            0.136000  0.235559  0.000000
 -63.724 -37.831 -37.819 -37.707 -16.143 -15.282  -7.748  -6.556  -6.057  -5.641
  -4.802  -3.776  -3.431  -0.797  -0.382  -0.320   1.007
            0.127500  0.220836  0.000000
 -63.725 -37.834 -37.804 -37.702 -16.223 -15.315  -7.788  -6.491  -5.967  -5.513
  -4.842  -3.762  -3.361  -0.752  -0.367  -0.347   0.915
            0.119000  0.206114  0.000000
 -63.727 -37.838 -37.789 -37.696 -16.300 -15.347  -7.838  -6.415  -5.878  -5.381
  -4.891  -3.755  -3.289  -0.702  -0.366  -0.342   0.821
            0.110500  0.191392  0.000000
 -63.729 -37.841 -37.774 -37.692 -16.373 -15.378  -7.893  -6.328  -5.789  -5.249
  -4.946  -3.755  -3.218  -0.648  -0.377  -0.308   0.725
            0.102000  0.176669  0.000000
 -63.730 -37.844 -37.760 -37.687 -16.443 -15.407  -7.952  -6.235  -5.697  -5.120
  -5.003  -3.761  -3.150  -0.590  -0.379  -0.266   0.629
            0.093500  0.161947  0.000000
 -63.732 -37.847 -37.746 -37.683 -16.508 -15.434  -8.013  -6.138  -5.603  -5.061
  -4.998  -3.775  -3.088  -0.526  -0.373  -0.219   0.535
            0.085000  0.147224  0.000000
 -63.733 -37.850 -37.733 -37.679 -16.569 -15.459  -8.072  -6.040  -5.505  -5.118
  -4.882  -3.796  -3.033  -0.457  -0.358  -0.168   0.443
            0.076500  0.132502  0.000000
 -63.734 -37.852 -37.720 -37.676 -16.626 -15.483  -8.129  -5.943  -5.405  -5.172
  -4.776  -3.825  -2.985  -0.383  -0.335  -0.117   0.355
            0.068000  0.117779  0.000000
 -63.735 -37.855 -37.709 -37.673 -16.677 -15.504  -8.183  -5.849  -5.302  -5.222
  -4.681  -3.862  -2.945  -0.306  -0.304  -0.067   0.272
            0.059500  0.103057  0.000000
 -63.736 -37.857 -37.698 -37.670 -16.722 -15.523  -8.233  -5.761  -5.268  -5.197
  -4.596  -3.906  -2.911  -0.271  -0.223  -0.019   0.196
            0.051000  0.088335  0.000000
 -63.737 -37.859 -37.689 -37.668 -16.762 -15.540  -8.278  -5.679  -5.309  -5.091
  -4.523  -3.958  -2.885  -0.232  -0.143   0.024   0.127
            0.042500  0.073612  0.000000
 -63.738 -37.860 -37.680 -37.666 -16.796 -15.554  -8.316  -5.606  -5.345  -4.985
  -4.461  -4.017  -2.864  -0.193  -0.065   0.062   0.068
            0.034000  0.058890  0.000000
 -63.739 -37.862 -37.673 -37.664 -16.825 -15.566  -8.348  -5.544  -5.374  -4.880
  -4.412  -4.082  -2.848  -0.155   0.006   0.017   0.094
            0.025500  0.044167  0.000000
 -63.739 -37.863 -37.668 -37.663 -16.847 -15.575  -8.374  -5.494  -5.397  -4.778
  -4.373  -4.153  -2.837  -0.122  -0.022   0.067   0.119
            0.017000  0.029445  0.000000
 -63.740 -37.864 -37.664 -37.662 -16.862 -15.581  -8.392  -5.457  -5.414  -4.683
  -4.346  -4.226  -2.829  -0.097  -0.051   0.113   0.138
            0.008500  0.014722  0.000000
 -63.740 -37.864 -37.662 -37.661 -16.872 -15.585  -8.404  -5.435  -5.424  -4.603
  -4.330  -4.292  -2.825  -0.080  -0.069   0.143   0.149
            0.000000  0.000000  0.000000
 -63.740 -37.864 -37.661 -37.661 -16.875 -15.587  -8.407  -5.428  -5.428  -4.567
  -4.324  -4.324  -2.823  -0.075  -0.075   0.153   0.153
            0.000000  0.000000  0.001251
 -63.740 -37.864 -37.661 -37.661 -16.875 -15.587  -8.407  -5.428  -5.428  -4.567
  -4.324  -4.324  -2.823  -0.075  -0.075   0.153   0.153
            0.000000  0.000000  0.002502
 -63.740 -37.864 -37.661 -37.661 -16.875 -15.587  -8.407  -5.428  -5.428  -4.567
  -4.324  -4.324  -2.823  -0.075  -0.075   0.153   0.153
            0.000000  0.000000  0.003753
 -63.740 -37.864 -37.661 -37.661 -16.875 -15.587  -8.407  -5.428  -5.428  -4.567
  -4.324  -4.324  -2.823  -0.075  -0.075   0.153   0.153
            0.000000  0.000000  0.005004
 -63.740 -37.864 -37.661 -37.661 -16.875 -15.587  -8.407  -5.428  -5.428  -4.567
  -4.324  -4.324  -2.823  -0.075  -0.075   0.153   0.153
            0.000000  0.000000  0.006255
 -63.740 -37.864 -37.661 -37.661 -16.875 -15.587  -8.407  -5.428  -5.428  -4.567
  -4.324  -4.324  -2.823  -0.075  -0.075   0.153   0.153
            0.000000  0.000000  0.007506
 -63.740 -37.864 -37.661 -37.661 -16.875 -15.587  -8.407  -5.428  -5.428  -4.567
  -4.324  -4.324  -2.823  -0.075  -0.075   0.153   0.153
            0.000000  0.000000  0.008757
 -63.740 -37.864 -37.661 -37.661 -16.875 -15.587  -8.407  -5.428  -5.428  -4.567
  -4.324  -4.324  -2.823  -0.075  -0.075   0.153   0.153
            0.000000  0.000000  0.010008
 -63.740 -37.864 -37.661 -37.661 -16.875 -15.587  -8.407  -5.428  -5.428  -4.567
  -4.324  -4.324  -2.823  -0.075  -0.075   0.153   0.153
            0.000000  0.000000  0.011259
 -63.740 -37.864 -37.661 -37.661 -16.875 -15.587  -8.407  -5.428  -5.428  -4.567
  -4.324  -4.324  -2.823  -0.075  -0.075   0.153   0.153
            0.000000  0.000000  0.012510
 -63.740 -37.864 -37.661 -37.661 -16.875 -15.587  -8.407  -5.428  -5.428  -4.567
  -4.324  -4.324  -2.823  -0.075  -0.075   0.153   0.153
            0.000000  0.000000  0.013761
 -63.740 -37.864 -37.661 -37.661 -16.875 -15.587  -8.407  -5.428  -5.428  -4.567
  -4.324  -4.324  -2.823  -0.075  -0.075   0.153   0.153
            0.000000  0.000000  0.015012
 -63.740 -37.864 -37.661 -37.661 -16.875 -15.587  -8.407  -5.428  -5.428  -4.567
  -4.324  -4.324  -2.823  -0.075  -0.075   0.153   0.153
            0.000000  0.000000  0.016263
 -63.740 -37.864 -37.661 -37.661 -16.875 -15.587  -8.407  -5.428  -5.428  -4.567
  -4.324  -4.324  -2.823  -0.075  -0.075   0.153   0.153
            0.000000  0.000000  0.017515
 -63.740 -37.864 -37.661 -37.661 -16.875 -15.587  -8.407  -5.428  -5.428  -4.567
  -4.324  -4.324  -2.823  -0.075  -0.075   0.153   0.153
            0.000000  0.000000  0.018766
 -63.740 -37.864 -37.661 -37.661 -16.875 -15.587  -8.407  -5.428  -5.428  -4.567
  -4.324  -4.324  -2.823  -0.075  -0.075   0.153   0.153
            0.000000  0.000000  0.020017
 -63.740 -37.864 -37.661 -37.661 -16.875 -15.587  -8.407  -5.428  -5.428  -4.567
  -4.324  -4.324  -2.823  -0.075  -0.075   0.153   0.153
            0.000000  0.000000  0.021268
 -63.740 -37.864 -37.661 -37.661 -16.875 -15.587  -8.407  -5.428  -5.428  -4.567
  -4.324  -4.324  -2.823  -0.075  -0.075   0.153   0.153
            0.000000  0.000000  0.022519
 -63.740 -37.864 -37.661 -37.661 -16.875 -15.587  -8.407  -5.428  -5.428  -4.567
  -4.324  -4.324  -2.823  -0.075  -0.075   0.153   0.153
            0.000000  0.000000  0.023770
 -63.740 -37.864 -37.661 -37.661 -16.875 -15.587  -8.407  -5.428  -5.428  -4.567
  -4.324  -4.324  -2.823  -0.075  -0.075   0.153   0.153
            0.000000  0.000000  0.025021
 -63.740 -37.864 -37.661 -37.661 -16.875 -15.587  -8.407  -5.428  -5.428  -4.567
  -4.324  -4.324  -2.823  -0.075  -0.075   0.153   0.153
            0.000000  0.000000  0.030025
 -63.740 -37.864 -37.661 -37.661 -16.875 -15.587  -8.407  -5.428  -5.428  -4.567
  -4.324  -4.324  -2.823  -0.075  -0.075   0.153   0.153
            0.000000  0.000000  0.035029
 -63.740 -37.864 -37.661 -37.661 -16.875 -15.587  -8.407  -5.428  -5.428  -4.567
  -4.324  -4.324  -2.823  -0.075  -0.075   0.153   0.153
            0.000000  0.000000  0.040033
 -63.740 -37.864 -37.661 -37.661 -16.875 -15.587  -8.407  -5.428  -5.428  -4.567
  -4.324  -4.324  -2.823  -0.075  -0.075   0.153   0.153
            0.000000  0.000000  0.045037
 -63.740 -37.864 -37.661 -37.661 -16.875 -15.587  -8.407  -5.428  -5.428  -4.567
  -4.324  -4.324  -2.823  -0.075  -0.075   0.153   0.153
            0.000000  0.000000  0.050041
 -63.740 -37.864 -37.661 -37.661 -16.875 -15.587  -8.407  -5.428  -5.428  -4.567
  -4.324  -4.324  -2.823  -0.075  -0.075   0.153   0.153
